11836 
11839 
11840 
11842 
11839 
11842 
11840 
11836 
11839 
11842 
11840 
11836 
11839 
11842 
11840 
11836 
11839 
11840 
11842 
11836 
11839 
11840 
11842 
11836 
11839 
11840 
11842 
11836 
11839 
11842 
11840 
11836 
11839 
11842 
11840 
11836 
11839 
11840 
11842 
11836 
11839 
11842 
11840 
11836 
11839 
11842 
11840 
11836 
11839 
11842 
11840 
11836 
11839 
11842 
11840 
11836 
11842 
11839 
11840 
11836 
11839 
11840 
11842 
11836 
11839 
11840 
11842 
11836 
11839 
11842 
11840 
11836 
11839 
11842 
11840 
11836 
11839 
11842 
11840 
11836 
11842 
11839 
11840 
11836 
11842 
11839 
11840 
11836 
11839 
11840 
11842 
11836 
11839 
11840 
11842 
11836 
11839 
11842 
11840 
11836 
11842 
11839 
11840 
11836 
11842 
11839 
11840 
11836 
11842 
11839 
11840 
11836 
11839 
11840 
11842 
11836 
11839 
11840 
11842 
11836 
11839 
11840 
11842 
11836 
11842 
11839 
11840 
11836 
11842 
11839 
11840 
11836 
11842 
11839 
11840 
11836 
11839 
11840 
11842 
11836 
11840 
11839 
11842 
11836 
11840 
11839 
11842 
11836 
11842 
11839 
11840 
11836 
11839 
11842 
11840 
11836 
11839 
11842 
11840 
11836 
11839 
11842 
11840 
11836 
11840 
11839 
11842 
11836 
11840 
11839 
11842 
11836 
11839 
11840 
11842 
11836 
11839 
11842 
11840 
11836 
11839 
11842 
11840 
11836 
11842 
11839 
11840 
11836 
11839 
11840 
11842 
11836 
11839 
11840 
11842 
11836 
11839 
11842 
11840 
11836 
11839 
11842 
11840 
11836 
11839 
11842 
11840 
11836 
11839 
11840 
11842 
11836 
11839 
11840 
11842 
11836 
11839 
11840 
11842 
11836 
11839 
11842 
11840 
11836 
11842 
11839 
11840 
11836 
11839 
11840 
11842 
11836 
11839 
11840 
11842 
11836 
11839 
11840 
11842 
11836 
