clientJon
30 26 
60 15 
90 9 
120 8 
150 9 
180 11 
210 9 
240 9 
270 11 
300 14 
330 14 
360 13 
390 14 
420 17 
450 16 
480 13 
510 13 
540 12 
570 15 
600 15 
630 19 
660 14 
690 14 
720 15 
750 16 
780 17 
810 22 
840 23 
870 19 
900 19 
930 18 
960 19 
990 23 
1020 31 
1050 30 
1080 26 
1110 26 
1140 27 
1170 33 
1200 37 
1230 31 
1260 27 
1290 31 
1320 36 
1350 37 
1380 29 
1410 29 
1440 36 
1470 42 
1500 40 
1530 32 
1560 33 
1590 41 
1620 41 
1650 36 
1680 35 
1710 42 
1740 45 
1770 35 
1800 36 
1830 44 
1860 53 
1890 47 
1920 39 
1950 46 
1980 53 
2010 47 
2040 40 
2070 43 
2100 49 
2130 62 
2160 43 
2190 46 
2220 47 
2250 58 
2280 44 
2310 44 
2340 49 
2370 62 
2400 58 
2430 47 
2460 51 
2490 63 
2520 53 
2550 51 
2580 53 
2610 63 
2640 65 
2670 55 
2700 54 
2730 65 
2760 69 
2790 55 
2820 58 
2850 67 
2880 70 
2910 55 
2940 56 
2970 66 
3000 69 
3030 60 
3060 55 
3090 70 
3120 69 
3150 60 
3180 57 
3210 70 
3240 74 
3270 58 
3300 58 
3330 70 
3360 73 
3390 59 
3420 62 
3450 72 
3480 81 
3510 63 
3540 62 
3570 72 
3600 74 
