clientJon
30 26 
60 15 
90 9 
120 9 
150 14 
180 11 
210 9 
240 11 
270 14 
300 16 
330 13 
360 13 
390 17 
420 19 
450 17 
480 16 
510 16 
540 18 
570 21 
600 26 
630 22 
660 19 
690 19 
720 23 
750 28 
780 27 
810 22 
840 21 
870 27 
900 37 
930 31 
960 32 
990 38 
1020 35 
1050 33 
1080 34 
1110 43 
1140 40 
1170 35 
1200 35 
1230 44 
1260 35 
1290 36 
1320 42 
1350 46 
1380 36 
1410 40 
1440 47 
1470 44 
1500 41 
1530 39 
1560 47 
1590 55 
1620 47 
1650 47 
1680 61 
1710 44 
1740 45 
1770 48 
1800 58 
1830 47 
1860 47 
1890 54 
1920 50 
1950 48 
1980 52 
2010 62 
2040 49 
2070 49 
2100 63 
2130 61 
2160 52 
2190 49 
2220 56 
2250 57 
2280 52 
2310 53 
2340 62 
2370 61 
2400 55 
2430 59 
2460 73 
2490 57 
2520 58 
2550 67 
2580 73 
2610 61 
2640 56 
2670 66 
2700 71 
2730 58 
2760 58 
2790 68 
2820 75 
2850 61 
2880 60 
2910 77 
2940 65 
2970 64 
3000 66 
3030 77 
3060 66 
3090 82 
3120 90 
3150 83 
3180 79 
3210 95 
3240 83 
3270 85 
3300 96 
3330 88 
3360 82 
3390 97 
3420 91 
3450 85 
3480 91 
3510 94 
3540 88 
3570 91 
3600 97 
