clientJon
60 26 
120 16 
180 11 
240 9 
300 12 
360 9 
420 10 
480 15 
540 14 
600 17 
660 16 
720 11 
780 13 
840 13 
900 15 
960 17 
1020 21 
1080 23 
1140 23 
1200 19 
1260 18 
1320 18 
1380 22 
1440 27 
1500 29 
1560 21 
1620 22 
1680 23 
1740 24 
1800 29 
1860 31 
1920 22 
1980 22 
2040 25 
2100 27 
2160 34 
2220 31 
2280 24 
2340 26 
2400 28 
2460 35 
2520 37 
2580 28 
2640 27 
2700 28 
2760 31 
2820 36 
2880 34 
2940 30 
3000 31 
3060 35 
3120 37 
3180 45 
3240 39 
3300 33 
3360 32 
3420 42 
3480 49 
3540 42 
3600 35 
3660 33 
3720 41 
3780 46 
3840 61 
3900 53 
3960 53 
4020 70 
4080 68 
4140 59 
4200 61 
4260 66 
4320 52 
4380 52 
4440 64 
4500 78 
4560 62 
4620 57 
4680 73 
4740 63 
4800 56 
4860 62 
4920 64 
4980 60 
5040 58 
5100 70 
5160 77 
5220 85 
5280 96 
5340 92 
5400 59 
5460 66 
5520 75 
5580 62 
5640 62 
5700 71 
5760 66 
5820 62 
5880 75 
5940 100 
6000 101 
6060 94 
6120 89 
6180 99 
6240 99 
6300 94 
6360 100 
6420 99 
6480 100 
6540 100 
6600 100 
6660 100 
6720 101 
6780 100 
6840 100 
6900 101 
6960 101 
7020 100 
7080 100 
7140 101 
7200 100 
