clientJon
60 26 
120 22 
180 10 
240 10 
300 12 
360 11 
420 12 
480 11 
540 14 
600 17 
660 17 
720 17 
780 18 
840 24 
900 18 
960 18 
1020 16 
1080 19 
1140 21 
1200 27 
1260 25 
1320 19 
1380 19 
1440 26 
1500 43 
1560 37 
1620 38 
1680 48 
1740 45 
1800 39 
1860 48 
1920 45 
1980 38 
2040 45 
2100 44 
2160 42 
2220 48 
2280 53 
2340 43 
2400 47 
2460 49 
2520 43 
2580 43 
2640 57 
2700 46 
2760 48 
2820 52 
2880 53 
2940 49 
3000 58 
3060 55 
3120 48 
3180 57 
3240 61 
3300 54 
3360 51 
3420 63 
3480 58 
3540 54 
3600 66 
3660 78 
3720 53 
3780 63 
3840 71 
3900 57 
3960 67 
4020 74 
4080 62 
4140 59 
4200 77 
4260 94 
4320 74 
4380 68 
4440 65 
4500 71 
4560 73 
4620 73 
4680 68 
4740 64 
4800 79 
4860 100 
4920 94 
4980 80 
5040 76 
5100 67 
5160 82 
5220 90 
5280 99 
5340 90 
5400 72 
5460 80 
5520 65 
5580 66 
5640 76 
5700 80 
5760 66 
5820 75 
5880 92 
5940 99 
6000 99 
6060 96 
6120 78 
6180 74 
6240 77 
6300 85 
6360 87 
6420 100 
6480 93 
6540 78 
6600 76 
6660 86 
6720 83 
6780 76 
6840 85 
6900 87 
6960 79 
7020 83 
7080 88 
7140 75 
7200 82 
