clientJon
60 26 
120 25 
180 19 
240 21 
300 18 
360 20 
420 22 
480 18 
540 20 
600 23 
660 24 
720 22 
780 19 
840 19 
900 22 
960 29 
1020 22 
1080 21 
1140 21 
1200 27 
1260 33 
1320 29 
1380 24 
1440 23 
1500 29 
1560 33 
1620 35 
1680 26 
1740 24 
1800 30 
1860 38 
1920 36 
1980 27 
2040 31 
2100 31 
2160 36 
2220 45 
2280 32 
2340 30 
2400 29 
2460 40 
2520 45 
2580 41 
2640 34 
2700 34 
2760 43 
2820 49 
2880 45 
2940 35 
3000 37 
3060 42 
3120 52 
3180 49 
3240 38 
3300 38 
3360 45 
3420 53 
3480 50 
3540 39 
3600 40 
3660 43 
3720 56 
3780 55 
3840 43 
3900 44 
3960 49 
4020 55 
4080 47 
4140 45 
4200 67 
4260 65 
4320 61 
4380 73 
4440 96 
4500 69 
4560 67 
4620 91 
4680 94 
4740 91 
4800 91 
4860 97 
4920 91 
4980 82 
5040 100 
5100 94 
5160 93 
5220 99 
5280 96 
5340 92 
5400 88 
5460 100 
5520 101 
5580 101 
5640 100 
5700 100 
5760 102 
5820 99 
5880 101 
5940 100 
6000 98 
6060 97 
6120 99 
6180 100 
6240 100 
6300 100 
6360 101 
6420 100 
6480 75 
6540 73 
6600 83 
6660 81 
6720 71 
6780 76 
6840 87 
6900 75 
6960 79 
7020 88 
7080 75 
7140 71 
7200 90 
