clientJon
60 26 
120 23 
180 10 
240 9 
300 24 
360 30 
420 37 
480 31 
540 34 
600 33 
660 35 
720 39 
780 36 
840 38 
900 41 
960 35 
1020 40 
1080 41 
1140 35 
1200 43 
1260 44 
1320 39 
1380 45 
1440 42 
1500 41 
1560 50 
1620 45 
1680 45 
1740 61 
1800 44 
1860 43 
1920 53 
1980 49 
2040 46 
2100 49 
2160 52 
2220 48 
2280 58 
2340 58 
2400 47 
2460 55 
2520 62 
2580 49 
2640 54 
2700 67 
2760 53 
2820 50 
2880 57 
2940 66 
3000 56 
3060 57 
3120 64 
3180 54 
3240 58 
3300 74 
3360 61 
3420 56 
3480 66 
3540 69 
3600 58 
3660 89 
3720 67 
3780 61 
3840 68 
3900 78 
3960 66 
4020 72 
4080 96 
4140 78 
4200 83 
4260 100 
4320 88 
4380 72 
4440 97 
4500 79 
4560 90 
4620 98 
4680 94 
4740 98 
4800 87 
4860 74 
4920 72 
4980 69 
5040 100 
5100 100 
5160 100 
5220 100 
5280 100 
5340 100 
5400 91 
5460 101 
5520 100 
5580 99 
5640 100 
5700 100 
5760 98 
5820 100 
5880 99 
5940 101 
6000 99 
6060 95 
6120 80 
6180 73 
6240 75 
6300 86 
6360 88 
6420 100 
6480 101 
6540 101 
6600 100 
6660 100 
6720 102 
6780 100 
6840 102 
6900 100 
6960 101 
7020 101 
7080 100 
7140 101 
7200 102 
