balancer
30 19 
60 11 
90 9 
120 9 
150 9 
180 9 
210 10 
240 11 
270 11 
300 9 
330 10 
360 10 
390 13 
420 13 
450 14 
480 11 
510 12 
540 11 
570 12 
600 15 
630 17 
660 13 
690 14 
720 15 
750 15 
780 17 
810 18 
840 16 
870 21 
900 22 
930 22 
960 25 
990 26 
1020 32 
1050 29 
1080 28 
1110 28 
1140 29 
1170 29 
1200 32 
1230 32 
1260 30 
1290 29 
1320 32 
1350 31 
1380 34 
1410 36 
1440 35 
1470 34 
1500 35 
1530 33 
1560 37 
1590 38 
1620 39 
1650 36 
1680 37 
1710 37 
1740 38 
1770 42 
1800 38 
1830 37 
1860 37 
1890 39 
1920 42 
1950 42 
1980 40 
2010 40 
2040 38 
2070 39 
2100 43 
2130 44 
2160 43 
2190 40 
2220 41 
2250 41 
2280 44 
2310 48 
2340 41 
2370 43 
2400 42 
2430 46 
2460 48 
2490 50 
2520 46 
2550 45 
2580 46 
2610 45 
2640 47 
2670 50 
2700 52 
2730 46 
2760 47 
2790 45 
2820 48 
2850 53 
2880 55 
2910 49 
2940 48 
2970 51 
3000 51 
3030 55 
3060 55 
3090 51 
3120 52 
3150 55 
3180 53 
3210 59 
3240 54 
3270 53 
3300 51 
3330 52 
3360 51 
3390 57 
3420 59 
3450 58 
3480 54 
3510 55 
3540 54 
3570 54 
