balancer
30 9 
60 2 
90 2 
120 2 
150 2 
180 2 
210 0 
240 2 
270 2 
300 1 
330 1 
360 3 
390 1 
420 0 
450 2 
480 2 
510 1 
540 2 
570 1 
600 2 
630 2 
660 2 
690 2 
720 3 
750 1 
780 3 
810 1 
840 2 
870 3 
900 1 
930 3 
960 1 
990 3 
1020 1 
1050 4 
1080 1 
1110 3 
1140 3 
1170 2 
1200 2 
1230 2 
1260 3 
1290 3 
1320 2 
1350 3 
1380 3 
1410 1 
1440 3 
1470 3 
1500 2 
1530 3 
1560 3 
1590 5 
1620 3 
1650 4 
1680 6 
1710 5 
1740 5 
1770 5 
1800 5 
1830 5 
1860 6 
1890 6 
1920 6 
1950 6 
1980 5 
2010 4 
2040 4 
2070 5 
2100 4 
2130 6 
2160 5 
2190 7 
2220 4 
2250 5 
2280 7 
2310 8 
2340 9 
2370 10 
2400 11 
2430 12 
2460 13 
2490 11 
2520 13 
2550 13 
2580 11 
2610 12 
2640 11 
2670 12 
2700 11 
2730 12 
2760 12 
2790 13 
2820 13 
2850 15 
2880 14 
2910 13 
2940 13 
2970 15 
3000 12 
3030 14 
3060 15 
3090 13 
3120 13 
3150 14 
3180 14 
3210 18 
3240 15 
3270 18 
3300 17 
3330 14 
3360 16 
3390 16 
3420 14 
3450 17 
3480 17 
3510 18 
3540 18 
3570 16 
