balancer
30 13 
60 4 
90 1 
120 3 
150 4 
180 2 
210 4 
240 3 
270 4 
300 4 
330 4 
360 4 
390 5 
420 6 
450 4 
480 7 
510 5 
540 6 
570 8 
600 7 
630 6 
660 8 
690 7 
720 7 
750 7 
780 7 
810 7 
840 8 
870 7 
900 9 
930 9 
960 10 
990 11 
1020 8 
1050 10 
1080 10 
1110 9 
1140 10 
1170 11 
1200 11 
1230 11 
1260 15 
1290 11 
1320 11 
1350 10 
1380 10 
1410 11 
1440 10 
1470 13 
1500 12 
1530 14 
1560 14 
1590 14 
1620 14 
1650 13 
1680 13 
1710 14 
1740 14 
1770 15 
1800 14 
1830 16 
1860 16 
1890 18 
1920 23 
1950 17 
1980 17 
2010 18 
2040 18 
2070 19 
2100 20 
2130 22 
2160 20 
2190 20 
2220 20 
2250 20 
2280 19 
2310 20 
2340 21 
2370 21 
2400 22 
2430 23 
2460 25 
2490 24 
2520 22 
2550 20 
2580 23 
2610 23 
2640 24 
2670 23 
2700 24 
2730 27 
2760 25 
2790 23 
2820 24 
2850 23 
2880 24 
2910 21 
2940 25 
2970 25 
3000 27 
3030 32 
3060 40 
3090 38 
3120 40 
3150 39 
3180 41 
3210 44 
3240 46 
3270 38 
3300 43 
3330 41 
3360 41 
3390 43 
3420 47 
3450 42 
3480 41 
3510 42 
3540 42 
3570 40 
