balancer
30 10 
60 6 
90 5 
120 5 
150 7 
180 5 
210 5 
240 7 
270 7 
300 8 
330 6 
360 7 
390 7 
420 8 
450 9 
480 8 
510 8 
540 8 
570 8 
600 9 
630 8 
660 9 
690 8 
720 10 
750 9 
780 10 
810 9 
840 9 
870 9 
900 9 
930 10 
960 10 
990 11 
1020 10 
1050 11 
1080 11 
1110 10 
1140 12 
1170 11 
1200 12 
1230 14 
1260 11 
1290 10 
1320 10 
1350 12 
1380 11 
1410 12 
1440 11 
1470 13 
1500 12 
1530 13 
1560 13 
1590 17 
1620 14 
1650 16 
1680 18 
1710 15 
1740 15 
1770 13 
1800 15 
1830 15 
1860 17 
1890 19 
1920 20 
1950 20 
1980 17 
2010 17 
2040 17 
2070 17 
2100 16 
2130 19 
2160 17 
2190 19 
2220 19 
2250 19 
2280 21 
2310 22 
2340 20 
2370 19 
2400 19 
2430 20 
2460 20 
2490 19 
2520 21 
2550 22 
2580 24 
2610 25 
2640 26 
2670 24 
2700 23 
2730 23 
2760 25 
2790 22 
2820 24 
2850 24 
2880 26 
2910 27 
2940 28 
2970 27 
3000 27 
3030 24 
3060 27 
3090 26 
3120 28 
3150 29 
3180 29 
3210 31 
3240 34 
3270 29 
3300 31 
3330 31 
3360 28 
3390 30 
3420 32 
3450 31 
3480 32 
3510 36 
3540 34 
3570 30 
