store
30 32 
60 4 
90 4 
120 4 
150 2 
180 4 
210 3 
240 4 
270 3 
300 3 
330 4 
360 3 
390 3 
420 3 
450 3 
480 3 
510 4 
540 3 
570 4 
600 3 
630 4 
660 3 
690 4 
720 3 
750 4 
780 3 
810 5 
840 2 
870 5 
900 3 
930 3 
960 3 
990 4 
1020 3 
1050 3 
1080 3 
1110 4 
1140 3 
1170 4 
1200 3 
1230 3 
1260 5 
1290 3 
1320 4 
1350 3 
1380 4 
1410 3 
1440 5 
1470 3 
1500 5 
1530 3 
1560 5 
1590 4 
1620 4 
1650 3 
1680 4 
1710 5 
1740 4 
1770 4 
1800 3 
1830 5 
1860 3 
1890 5 
1920 4 
1950 4 
1980 4 
2010 4 
2040 4 
2070 5 
2100 6 
2130 3 
2160 4 
2190 3 
2220 4 
2250 3 
2280 4 
2310 3 
2340 4 
2370 3 
2400 4 
2430 3 
2460 4 
2490 4 
2520 4 
2550 3 
2580 5 
2610 3 
2640 4 
2670 4 
2700 3 
2730 4 
2760 4 
2790 4 
2820 4 
2850 4 
2880 4 
2910 4 
2940 5 
2970 3 
3000 5 
3030 4 
3060 5 
3090 4 
3120 5 
3150 5 
3180 4 
3210 5 
3240 4 
3270 5 
3300 4 
3330 6 
3360 6 
3390 4 
3420 5 
3450 5 
3480 6 
3510 5 
3540 4 
3570 6 
3600 5 
