worker
30 13 
60 15 
90 7 
120 5 
150 6 
180 7 
210 5 
240 5 
270 6 
300 8 
330 7 
360 6 
390 8 
420 9 
450 9 
480 9 
510 9 
540 11 
570 10 
600 10 
630 10 
660 10 
690 12 
720 13 
750 15 
780 13 
810 16 
840 12 
870 11 
900 12 
930 13 
960 14 
990 12 
1020 11 
1050 15 
1080 15 
1110 15 
1140 17 
1170 21 
1200 16 
1230 15 
1260 13 
1290 17 
1320 14 
1350 15 
1380 15 
1410 17 
1440 16 
1470 15 
1500 19 
1530 20 
1560 22 
1590 19 
1620 17 
1650 20 
1680 19 
1710 19 
1740 18 
1770 20 
1800 19 
1830 21 
1860 23 
1890 24 
1920 30 
1950 23 
1980 20 
2010 23 
2040 22 
2070 23 
2100 22 
2130 23 
2160 24 
2190 26 
2220 26 
2250 30 
2280 34 
2310 34 
2340 27 
2370 25 
2400 31 
2430 31 
2460 32 
2490 32 
2520 33 
2550 34 
2580 37 
2610 43 
2640 39 
2670 35 
2700 36 
2730 36 
2760 35 
2790 37 
2820 36 
2850 41 
2880 45 
2910 51 
2940 39 
2970 39 
3000 38 
3030 37 
3060 41 
3090 39 
3120 41 
3150 48 
3180 48 
3210 42 
3240 41 
3270 41 
3300 41 
3330 41 
3360 42 
3390 41 
3420 46 
3450 52 
3480 56 
3510 48 
3540 63 
3570 44 
3600 45 
3630 43 
