worker
30 13 
60 16 
90 5 
120 7 
150 4 
180 6 
210 6 
240 6 
270 6 
300 7 
330 9 
360 9 
390 9 
420 9 
450 10 
480 9 
510 8 
540 8 
570 9 
600 8 
630 9 
660 10 
690 9 
720 11 
750 11 
780 10 
810 10 
840 10 
870 8 
900 11 
930 9 
960 9 
990 12 
1020 14 
1050 14 
1080 20 
1110 17 
1140 22 
1170 21 
1200 24 
1230 21 
1260 19 
1290 15 
1320 18 
1350 19 
1380 19 
1410 19 
1440 20 
1470 24 
1500 22 
1530 28 
1560 24 
1590 20 
1620 24 
1650 22 
1680 22 
1710 23 
1740 25 
1770 22 
1800 24 
1830 27 
1860 31 
1890 33 
1920 27 
1950 25 
1980 28 
2010 25 
2040 26 
2070 25 
2100 25 
2130 25 
2160 30 
2190 32 
2220 33 
2250 29 
2280 28 
2310 30 
2340 31 
2370 28 
2400 29 
2430 32 
2460 35 
2490 37 
2520 38 
2550 34 
2580 31 
2610 31 
2640 31 
2670 32 
2700 32 
2730 37 
2760 39 
2790 42 
2820 32 
2850 33 
2880 33 
2910 38 
2940 34 
2970 35 
3000 34 
3030 34 
3060 37 
3090 48 
3120 50 
3150 47 
3180 39 
3210 40 
3240 39 
3270 39 
3300 38 
3330 40 
3360 37 
3390 42 
3420 51 
3450 48 
3480 41 
3510 41 
3540 41 
3570 41 
3600 40 
