worker
30 13 
60 15 
90 7 
120 2 
150 5 
180 7 
210 5 
240 7 
270 4 
300 4 
330 7 
360 8 
390 9 
420 9 
450 8 
480 10 
510 6 
540 7 
570 7 
600 10 
630 8 
660 6 
690 9 
720 11 
750 10 
780 11 
810 12 
840 11 
870 14 
900 18 
930 18 
960 19 
990 20 
1020 20 
1050 19 
1080 20 
1110 25 
1140 25 
1170 27 
1200 21 
1230 20 
1260 21 
1290 21 
1320 20 
1350 22 
1380 22 
1410 25 
1440 29 
1470 31 
1500 23 
1530 23 
1560 23 
1590 24 
1620 27 
1650 26 
1680 28 
1710 34 
1740 35 
1770 28 
1800 28 
1830 27 
1860 28 
1890 30 
1920 29 
1950 33 
1980 36 
2010 40 
2040 37 
2070 30 
2100 32 
2130 32 
2160 31 
2190 33 
2220 34 
2250 39 
2280 46 
2310 33 
2340 34 
2370 31 
2400 34 
2430 33 
2460 34 
2490 43 
2520 44 
2550 36 
2580 37 
2610 37 
2640 34 
2670 37 
2700 37 
2730 35 
2760 40 
2790 44 
2820 49 
2850 42 
2880 39 
2910 39 
2940 37 
2970 39 
3000 38 
3030 40 
3060 40 
3090 63 
3120 62 
3150 56 
3180 56 
3210 49 
3240 58 
3270 54 
3300 56 
3330 67 
3360 67 
3390 54 
3420 56 
3450 62 
3480 56 
3510 53 
3540 63 
3570 70 
3600 54 
