clientJon
40 25 
80 21 
120 12 
160 13 
200 14 
240 13 
280 16 
320 19 
360 22 
400 17 
440 18 
480 23 
520 31 
560 28 
600 22 
640 21 
680 24 
720 28 
760 34 
800 30 
840 25 
880 26 
920 29 
960 35 
1000 39 
1040 27 
1080 29 
1120 33 
1160 40 
1200 37 
1240 31 
1280 30 
1320 36 
1360 43 
1400 56 
1440 43 
1480 41 
1520 49 
1560 56 
1600 44 
1640 41 
1680 51 
1720 65 
1760 48 
1800 45 
1840 54 
1880 55 
1920 47 
1960 49 
2000 57 
2040 57 
2080 50 
2120 53 
2160 67 
2200 51 
2240 50 
2280 64 
2320 63 
2360 55 
2400 54 
