clientJon
40 19 
80 22 
120 16 
160 17 
200 12 
240 15 
280 15 
320 18 
360 18 
400 16 
440 15 
480 18 
520 26 
560 24 
600 20 
640 20 
680 19 
720 20 
760 20 
800 25 
840 31 
880 20 
920 22 
960 21 
1000 26 
1040 32 
1080 38 
1120 28 
1160 28 
1200 32 
1240 37 
1280 41 
1320 33 
1360 29 
1400 31 
1440 35 
1480 45 
1520 38 
1560 33 
1600 38 
1640 44 
1680 51 
1720 44 
1760 38 
1800 39 
1840 45 
1880 57 
1920 44 
1960 37 
2000 41 
2040 45 
2080 56 
2120 51 
2160 45 
2200 58 
2240 79 
2280 60 
2320 63 
2360 73 
2400 67 
