clientJon
40 25 
80 17 
120 13 
160 27 
200 25 
240 29 
280 27 
320 27 
360 31 
400 25 
440 25 
480 31 
520 37 
560 29 
600 28 
640 34 
680 42 
720 29 
760 29 
800 38 
840 41 
880 30 
920 33 
960 39 
1000 44 
1040 36 
1080 36 
1120 44 
1160 47 
1200 37 
1240 38 
1280 50 
1320 51 
1360 41 
1400 42 
1440 53 
1480 48 
1520 41 
1560 45 
1600 59 
1640 49 
1680 42 
1720 56 
1760 66 
1800 46 
1840 48 
1880 54 
1920 68 
1960 53 
2000 53 
2040 65 
2080 62 
2120 54 
2160 59 
2200 75 
2240 56 
2280 54 
2320 64 
2360 84 
2400 85 
