clientJon
40 26 
80 18 
120 11 
160 11 
200 14 
240 16 
280 16 
320 24 
360 23 
400 17 
440 17 
480 17 
520 21 
560 25 
600 28 
640 21 
680 22 
720 25 
760 31 
800 36 
840 29 
880 28 
920 30 
960 38 
1000 36 
1040 30 
1080 34 
1120 45 
1160 31 
1200 32 
1240 37 
1280 41 
1320 42 
1360 33 
1400 36 
1440 40 
1480 51 
1520 35 
1560 35 
1600 35 
1640 44 
1680 53 
1720 39 
1760 37 
1800 39 
1840 47 
1880 40 
1920 40 
1960 47 
2000 57 
2040 45 
2080 49 
2120 59 
2160 66 
2200 52 
2240 50 
2280 58 
2320 67 
2360 49 
2400 55 
