clientJon
40 26 
80 26 
120 17 
160 18 
200 16 
240 18 
280 22 
320 24 
360 20 
400 19 
440 20 
480 23 
520 27 
560 27 
600 21 
640 22 
680 24 
720 29 
760 32 
800 22 
840 23 
880 26 
920 32 
960 31 
1000 26 
1040 27 
1080 34 
1120 37 
1160 28 
1200 27 
1240 28 
1280 36 
1320 44 
1360 31 
1400 30 
1440 33 
1480 39 
1520 43 
1560 34 
1600 32 
1640 37 
1680 43 
1720 39 
1760 35 
1800 34 
1840 39 
1880 45 
1920 47 
1960 35 
2000 38 
2040 38 
2080 45 
2120 47 
2160 37 
2200 39 
2240 44 
2280 54 
2320 46 
2360 40 
2400 42 
