balancer
40 15 
80 11 
120 10 
160 8 
200 11 
240 10 
280 11 
320 14 
360 13 
400 15 
440 16 
480 17 
520 17 
560 14 
600 14 
640 16 
680 17 
720 16 
760 18 
800 21 
840 20 
880 19 
920 17 
960 19 
1000 16 
1040 20 
1080 19 
1120 21 
1160 22 
1200 23 
1240 21 
1280 22 
1320 22 
1360 24 
1400 25 
1440 27 
1480 24 
1520 26 
1560 24 
1600 24 
1640 26 
1680 27 
1720 28 
1760 30 
1800 27 
1840 26 
1880 26 
1920 28 
1960 30 
2000 30 
2040 36 
2080 31 
2120 34 
2160 31 
2200 33 
2240 34 
2280 35 
2320 35 
2360 33 
