balancer
40 16 
80 10 
120 9 
160 12 
200 9 
240 10 
280 9 
320 11 
360 10 
400 14 
440 13 
480 13 
520 11 
560 15 
600 13 
640 13 
680 15 
720 16 
760 8 
800 13 
840 7 
880 15 
920 3 
960 15 
1000 16 
1040 19 
1080 20 
1120 19 
1160 18 
1200 21 
1240 23 
1280 21 
1320 21 
1360 21 
1400 22 
1440 21 
1480 25 
1520 28 
1560 26 
1600 25 
1640 25 
1680 28 
1720 28 
1760 30 
1800 25 
1840 27 
1880 29 
1920 29 
1960 33 
2000 34 
2040 34 
2080 33 
2120 33 
2160 32 
2200 36 
2240 37 
2280 38 
2320 34 
2360 33 
2400 34 
2440 36 
2480 40 
2520 41 
2560 40 
2600 38 
2640 38 
2680 40 
