worker
40 13 
80 17 
120 8 
160 8 
200 7 
240 7 
280 8 
320 9 
360 8 
400 10 
440 13 
480 11 
520 13 
560 9 
600 12 
640 12 
680 12 
720 12 
760 13 
800 15 
840 18 
880 16 
920 14 
960 17 
1000 15 
1040 13 
1080 17 
1120 16 
1160 16 
1200 23 
1240 20 
1280 19 
1320 20 
1360 17 
1400 21 
1440 20 
1480 21 
1520 20 
1560 21 
1600 27 
1640 31 
1680 34 
1720 27 
1760 27 
1800 25 
1840 25 
1880 25 
1920 26 
1960 30 
2000 32 
2040 36 
2080 36 
2120 31 
2160 29 
2200 27 
2240 27 
2280 29 
2320 29 
2360 29 
2400 27 
