worker
40 13 
80 19 
120 4 
160 7 
200 8 
240 7 
280 7 
320 9 
360 9 
400 10 
440 15 
480 13 
520 9 
560 15 
600 9 
640 9 
680 11 
720 15 
760 16 
800 17 
840 16 
880 17 
920 17 
960 10 
1000 14 
1040 14 
1080 16 
1120 15 
1160 16 
1200 15 
1240 20 
1280 23 
1320 23 
1360 26 
1400 17 
1440 21 
1480 19 
1520 20 
1560 21 
1600 19 
1640 18 
1680 20 
1720 20 
1760 25 
1800 26 
1840 29 
1880 25 
1920 21 
1960 21 
2000 23 
2040 21 
2080 23 
2120 22 
2160 26 
2200 32 
2240 33 
2280 38 
2320 31 
2360 28 
2400 27 
