worker
40 13 
80 16 
120 8 
160 5 
200 8 
240 9 
280 7 
320 7 
360 9 
400 11 
440 13 
480 13 
520 10 
560 10 
600 12 
640 13 
680 14 
720 16 
760 17 
800 20 
840 15 
880 16 
920 13 
960 16 
1000 16 
1040 17 
1080 17 
1120 20 
1160 25 
1200 27 
1240 33 
1280 26 
1320 24 
1360 27 
1400 27 
1440 25 
1480 30 
1520 36 
1560 33 
1600 29 
1640 29 
1680 30 
1720 31 
1760 29 
1800 36 
1840 38 
1880 31 
1920 33 
1960 33 
2000 33 
2040 34 
2080 38 
2120 44 
2160 51 
2200 41 
2240 41 
2280 39 
2320 39 
2360 39 
2400 41 
