balancer
60 21 
120 14 
180 16 
240 14 
300 19 
360 14 
420 17 
480 17 
540 20 
600 18 
660 18 
720 19 
780 21 
840 17 
900 17 
960 19 
1020 22 
1080 20 
1140 24 
1200 21 
1260 27 
1320 21 
1380 23 
1440 19 
1500 22 
1560 24 
1620 28 
1680 25 
1740 22 
1800 23 
1860 23 
1920 30 
1980 33 
2040 31 
2100 29 
2160 30 
2220 30 
2280 31 
2340 33 
2400 32 
2460 31 
2520 29 
2580 33 
2640 41 
2700 42 
2760 42 
2820 36 
2880 40 
2940 39 
3000 46 
3060 41 
3120 46 
3180 40 
3240 45 
3300 43 
3360 46 
3420 57 
3480 49 
3540 46 
