balancer
60 24 
120 19 
180 16 
240 21 
300 24 
360 23 
420 25 
480 24 
540 24 
600 26 
660 25 
720 28 
780 29 
840 26 
900 26 
960 28 
1020 30 
1080 32 
1140 29 
1200 28 
1260 33 
1320 31 
1380 33 
1440 28 
1500 31 
1560 35 
1620 33 
1680 38 
1740 31 
1800 32 
1860 34 
1920 39 
1980 42 
2040 36 
2100 34 
2160 37 
2220 41 
2280 40 
2340 37 
2400 36 
2460 39 
2520 45 
2580 48 
2640 51 
2700 51 
2760 51 
2820 49 
2880 53 
2940 49 
3000 52 
3060 52 
3120 54 
3180 50 
3240 56 
3300 53 
3360 55 
3420 60 
3480 60 
3540 52 
