worker
60 13 
120 23 
180 14 
240 10 
300 13 
360 16 
420 12 
480 15 
540 12 
600 18 
660 14 
720 20 
780 19 
840 16 
900 18 
960 22 
1020 21 
1080 24 
1140 25 
1200 28 
1260 23 
1320 19 
1380 17 
1440 24 
1500 22 
1560 22 
1620 27 
1680 29 
1740 30 
1800 33 
1860 25 
1920 26 
1980 28 
2040 29 
2100 35 
2160 37 
2220 35 
2280 37 
2340 38 
2400 36 
2460 35 
2520 35 
2580 34 
2640 35 
2700 36 
2760 48 
2820 42 
2880 46 
2940 48 
3000 51 
3060 43 
3120 42 
3180 45 
3240 47 
3300 52 
3360 44 
3420 54 
3480 58 
3540 65 
3600 59 
