worker
60 13 
120 24 
180 13 
240 13 
300 15 
360 23 
420 19 
480 17 
540 22 
600 19 
660 22 
720 16 
780 22 
840 23 
900 29 
960 23 
1020 29 
1080 25 
1140 23 
1200 24 
1260 24 
1320 32 
1380 32 
1440 28 
1500 29 
1560 34 
1620 32 
1680 27 
1740 27 
1800 27 
1860 27 
1920 38 
1980 37 
2040 44 
2100 37 
2160 42 
2220 41 
2280 32 
2340 32 
2400 31 
2460 34 
2520 34 
2580 36 
2640 48 
2700 61 
2760 51 
2820 56 
2880 52 
2940 50 
3000 47 
3060 49 
3120 52 
3180 51 
3240 61 
3300 56 
3360 61 
3420 68 
3480 63 
3540 49 
3600 53 
