balancer
160 8 
320 5 
480 4 
640 3 
800 3 
960 3 
1120 3 
1280 3 
1440 4 
1600 3 
1760 3 
1920 3 
2080 3 
2240 4 
2400 3 
2560 3 
2720 4 
2880 3 
3040 3 
3200 3 
3360 4 
3520 2 
3680 3 
3840 4 
4000 3 
4160 4 
4320 3 
4480 4 
4640 3 
4800 3 
4960 4 
5120 3 
5280 4 
5440 3 
5600 4 
5760 3 
5920 5 
6080 4 
6240 5 
6400 4 
6560 5 
6720 7 
6880 5 
7040 6 
7200 6 
7360 5 
7520 5 
7680 5 
7840 5 
8000 4 
8160 6 
8320 5 
8480 6 
8640 5 
8800 6 
8960 6 
9120 5 
9280 6 
9440 7 
9600 5 
9760 6 
9920 4 
10080 7 
10240 5 
10400 6 
10560 5 
10720 6 
10880 8 
11040 5 
11200 5 
11360 6 
11520 7 
11680 7 
11840 8 
12000 8 
12160 11 
12320 8 
12480 8 
12640 9 
12800 9 
12960 8 
13120 9 
13280 9 
13440 8 
13600 9 
13760 11 
13920 10 
14080 10 
14240 9 
14400 11 
14560 9 
14720 10 
14880 10 
15040 10 
15200 9 
15360 10 
15520 8 
15680 10 
15840 8 
16000 10 
16160 8 
16320 9 
16480 9 
16640 11 
16800 10 
16960 10 
17120 11 
17280 11 
17440 9 
17600 11 
17760 10 
17920 11 
18080 10 
18240 12 
18400 10 
18560 11 
18720 10 
18880 9 
19040 9 
19200 11 
19360 9 
19520 10 
19680 9 
19840 10 
20000 11 
20160 11 
20320 10 
20480 8 
20640 11 
20800 13 
20960 10 
21120 12 
21280 11 
21440 12 
21600 14 
21760 10 
21920 10 
22080 10 
22240 10 
22400 10 
22560 9 
22720 10 
22880 10 
23040 10 
23200 13 
23360 16 
23520 15 
