balancer
160 8 
320 6 
480 3 
640 3 
800 3 
960 3 
1120 3 
1280 3 
1440 3 
1600 3 
1760 24 
1920 3 
2080 3 
2240 2 
2400 3 
2560 2 
2720 5 
2880 3 
3040 2 
3200 2 
3360 3 
3520 3 
3680 3 
3840 2 
4000 3 
4160 3 
4320 3 
4480 3 
4640 2 
4800 3 
4960 3 
5120 2 
5280 4 
5440 3 
5600 3 
5760 4 
5920 5 
6080 3 
6240 3 
6400 53 
6560 3 
6720 4 
6880 2 
7040 3 
7200 3 
7360 3 
7520 3 
7680 3 
7840 4 
8000 3 
8160 2 
8320 4 
8480 4 
8640 3 
8800 4 
8960 5 
9120 3 
9280 3 
9440 3 
9600 4 
9760 3 
9920 3 
10080 10 
10240 4 
10400 9 
10560 3 
10720 3 
10880 2 
11040 4 
11200 3 
11360 3 
11520 4 
11680 3 
11840 3 
12000 4 
12160 4 
12320 5 
12480 3 
12640 3 
12800 3 
12960 3 
13120 5 
13280 3 
13440 3 
13600 3 
13760 2 
13920 4 
14080 3 
14240 4 
14400 2 
14560 4 
14720 3 
14880 4 
15040 3 
15200 4 
15360 3 
15520 4 
15680 3 
15840 3 
16000 4 
16160 3 
16320 4 
16480 5 
16640 5 
16800 4 
16960 4 
17120 5 
17280 6 
17440 6 
17600 6 
17760 4 
17920 5 
18080 4 
18240 4 
18400 4 
18560 6 
18720 4 
18880 5 
19040 5 
19200 5 
19360 5 
19520 4 
19680 5 
19840 5 
20000 5 
20160 6 
20320 4 
20480 5 
20640 6 
20800 4 
20960 6 
21120 4 
21280 8 
21440 4 
21600 5 
21760 5 
21920 45 
22080 6 
22240 4 
22400 4 
22560 6 
22720 4 
22880 3 
23040 3 
23200 5 
23360 5 
23520 5 
23680 3 
23840 5 
24000 4 
24160 6 
24320 4 
