balancer
160 15 
320 15 
480 15 
640 13 
800 16 
960 15 
1120 16 
1280 17 
1440 14 
1600 18 
1760 13 
1920 17 
2080 17 
2240 20 
2400 18 
2560 17 
2720 16 
2880 17 
3040 19 
3200 21 
3360 17 
3520 32 
3680 19 
3840 17 
4000 17 
4160 19 
4320 19 
4480 20 
4640 22 
4800 20 
4960 19 
5120 22 
5280 21 
5440 22 
5600 22 
5760 24 
5920 25 
6080 22 
6240 23 
6400 24 
6560 24 
6720 26 
6880 24 
7040 26 
7200 25 
7360 25 
7520 25 
7680 26 
7840 25 
8000 27 
8160 31 
8320 27 
8480 26 
8640 27 
8800 27 
8960 29 
9120 29 
9280 30 
9440 28 
9600 26 
9760 30 
9920 28 
10080 32 
10240 29 
10400 35 
10560 28 
10720 31 
10880 29 
11040 32 
11200 32 
11360 33 
11520 34 
11680 31 
11840 32 
12000 31 
12160 32 
12320 31 
12480 39 
12640 36 
12800 36 
12960 35 
13120 38 
13280 38 
13440 39 
13600 40 
13760 39 
13920 38 
14080 37 
14240 40 
14400 43 
14560 44 
14720 38 
14880 39 
15040 37 
15200 42 
15360 44 
15520 45 
15680 44 
15840 38 
16000 42 
16160 41 
16320 44 
16480 45 
16640 46 
16800 47 
16960 45 
17120 44 
17280 44 
17440 49 
17600 47 
17760 48 
17920 54 
18080 46 
18240 47 
18400 54 
18560 46 
18720 50 
18880 51 
19040 53 
19200 50 
19360 50 
19520 48 
19680 46 
19840 54 
20000 58 
20160 63 
20320 53 
20480 50 
20640 52 
20800 53 
20960 58 
21120 57 
21280 59 
21440 58 
21600 55 
21760 55 
21920 57 
22080 56 
22240 62 
22400 73 
22560 97 
22720 71 
22880 64 
23040 56 
23200 60 
23360 68 
23520 63 
23680 68 
