balancer
160 11 
320 9 
480 5 
640 6 
800 5 
960 5 
1120 4 
1280 6 
1440 5 
1600 5 
1760 5 
1920 4 
2080 6 
2240 5 
2400 4 
2560 8 
2720 5 
2880 8 
3040 5 
3200 5 
3360 6 
3520 5 
3680 6 
3840 6 
4000 6 
4160 4 
4320 7 
4480 6 
4640 6 
4800 4 
4960 6 
5120 7 
5280 5 
5440 7 
5600 7 
5760 7 
5920 7 
6080 8 
6240 9 
6400 8 
6560 8 
6720 8 
6880 7 
7040 8 
7200 7 
7360 10 
7520 9 
7680 10 
7840 8 
8000 58 
8160 8 
8320 10 
8480 13 
8640 9 
8800 10 
8960 12 
9120 13 
9280 9 
9440 8 
9600 12 
9760 13 
9920 11 
10080 14 
10240 16 
10400 12 
10560 13 
10720 10 
10880 11 
11040 13 
11200 14 
11360 13 
11520 13 
11680 12 
11840 12 
12000 13 
12160 16 
12320 12 
12480 13 
12640 12 
12800 16 
12960 13 
13120 14 
13280 14 
13440 12 
13600 13 
13760 16 
13920 17 
14080 16 
14240 16 
14400 17 
14560 13 
14720 14 
14880 14 
15040 15 
15200 16 
15360 15 
15520 15 
15680 15 
15840 13 
16000 17 
16160 17 
16320 18 
16480 16 
16640 24 
16800 16 
16960 16 
17120 16 
17280 19 
17440 18 
17600 18 
17760 17 
17920 20 
18080 19 
18240 20 
18400 22 
18560 26 
18720 21 
18880 25 
19040 21 
19200 23 
19360 22 
19520 23 
19680 23 
19840 28 
20000 33 
20160 33 
20320 30 
20480 27 
20640 27 
20800 31 
20960 31 
21120 34 
21280 34 
21440 28 
21600 31 
21760 31 
21920 31 
22080 34 
22240 35 
22400 34 
22560 33 
22720 32 
22880 33 
23040 34 
23200 35 
23360 35 
23520 35 
23680 37 
