balancer
160 22 
320 33 
480 31 
640 29 
800 41 
960 41 
1120 42 
1280 47 
1440 39 
1600 41 
1760 44 
1920 44 
2080 46 
2240 46 
2400 47 
2560 44 
2720 46 
2880 47 
3040 46 
3200 45 
3360 49 
3520 50 
3680 45 
3840 48 
4000 48 
4160 52 
4320 51 
4480 51 
4640 54 
4800 50 
4960 50 
5120 51 
5280 54 
5440 52 
5600 51 
5760 52 
5920 56 
6080 52 
6240 53 
6400 57 
6560 56 
6720 54 
6880 53 
7040 56 
7200 56 
7360 54 
7520 53 
7680 54 
7840 58 
8000 58 
8160 57 
8320 55 
8480 55 
8640 59 
8800 60 
8960 59 
9120 58 
9280 59 
9440 57 
9600 60 
9760 62 
9920 61 
10080 60 
10240 57 
10400 65 
10560 65 
10720 61 
10880 59 
11040 61 
11200 63 
11360 68 
11520 66 
11680 63 
11840 66 
12000 67 
12160 71 
12320 71 
12480 68 
12640 70 
12800 68 
12960 71 
13120 76 
13280 77 
13440 71 
13600 70 
13760 73 
13920 71 
14080 74 
14240 77 
14400 76 
14560 68 
14720 70 
14880 69 
15040 70 
15200 76 
15360 82 
15520 83 
15680 67 
15840 74 
16000 72 
16160 82 
16320 87 
16480 90 
16640 82 
16800 81 
16960 72 
17120 76 
17280 78 
17440 87 
17600 94 
17760 84 
17920 82 
18080 80 
18240 79 
18400 91 
18560 83 
18720 77 
18880 86 
19040 85 
19200 78 
19360 79 
19520 81 
19680 77 
19840 78 
20000 77 
20160 74 
20320 84 
20480 79 
20640 86 
20800 86 
20960 86 
21120 78 
21280 82 
21440 75 
21600 89 
21760 81 
21920 79 
22080 85 
22240 87 
22400 89 
22560 88 
22720 79 
22880 76 
23040 76 
23200 78 
23360 88 
23520 83 
