balancer
160 30 
320 27 
480 23 
640 24 
800 22 
960 25 
1120 25 
1280 25 
1440 26 
1600 24 
1760 24 
1920 29 
2080 26 
2240 31 
2400 31 
2560 31 
2720 35 
2880 29 
3040 30 
3200 32 
3360 37 
3520 32 
3680 32 
3840 32 
4000 39 
4160 40 
4320 37 
4480 40 
4640 43 
4800 40 
4960 40 
5120 38 
5280 41 
5440 42 
5600 41 
5760 42 
5920 40 
6080 39 
6240 43 
6400 45 
6560 43 
6720 43 
6880 44 
7040 45 
7200 46 
7360 46 
7520 47 
7680 45 
7840 46 
8000 45 
8160 49 
8320 49 
8480 49 
8640 48 
8800 46 
8960 47 
9120 48 
9280 53 
9440 51 
9600 52 
9760 49 
9920 49 
10080 51 
10240 52 
10400 52 
10560 53 
10720 55 
10880 52 
11040 53 
11200 52 
11360 56 
11520 57 
11680 59 
11840 58 
12000 53 
12160 56 
12320 58 
12480 60 
12640 64 
12800 63 
12960 63 
13120 59 
13280 58 
13440 58 
13600 62 
13760 65 
13920 63 
14080 67 
14240 63 
14400 61 
14560 60 
14720 62 
14880 68 
15040 69 
15200 67 
15360 82 
15520 97 
15680 69 
15840 64 
16000 63 
16160 67 
16320 89 
16480 77 
16640 72 
16800 84 
16960 77 
17120 70 
17280 71 
17440 75 
17600 72 
17760 72 
17920 84 
18080 76 
18240 74 
18400 73 
18560 70 
18720 67 
18880 89 
19040 83 
19200 88 
19360 93 
19520 75 
19680 88 
19840 88 
20000 86 
20160 81 
20320 74 
20480 76 
20640 70 
20800 71 
20960 70 
21120 75 
21280 87 
21440 85 
21600 88 
21760 80 
21920 77 
22080 73 
22240 88 
22400 68 
22560 74 
22720 81 
22880 77 
23040 81 
23200 93 
23360 76 
23520 83 
