balancer
160 22 
320 23 
480 18 
640 19 
800 28 
960 19 
1120 23 
1280 22 
1440 22 
1600 20 
1760 22 
1920 26 
2080 24 
2240 26 
2400 29 
2560 29 
2720 26 
2880 25 
3040 29 
3200 27 
3360 5 
3520 31 
3680 30 
3840 30 
4000 31 
4160 33 
4320 31 
4480 33 
4640 32 
4800 34 
4960 36 
5120 34 
5280 31 
5440 34 
5600 36 
5760 38 
5920 36 
6080 35 
6240 38 
6400 37 
6560 39 
6720 37 
6880 40 
7040 41 
7200 42 
7360 44 
7520 43 
7680 42 
7840 44 
8000 47 
8160 46 
8320 46 
8480 44 
8640 44 
8800 47 
8960 48 
9120 53 
9280 47 
9440 49 
9600 50 
9760 51 
9920 55 
10080 53 
10240 54 
10400 54 
10560 48 
10720 55 
10880 55 
11040 55 
11200 55 
11360 52 
11520 52 
11680 55 
11840 58 
12000 60 
12160 61 
12320 56 
12480 59 
12640 64 
12800 62 
12960 66 
13120 64 
13280 64 
13440 63 
13600 63 
13760 64 
13920 68 
14080 71 
14240 72 
14400 64 
14560 22 
14720 63 
14880 62 
15040 69 
15200 70 
15360 69 
15520 72 
15680 64 
15840 62 
16000 62 
16160 66 
16320 75 
16480 71 
16640 94 
16800 66 
16960 71 
17120 27 
17280 67 
17440 29 
17600 70 
17760 23 
17920 71 
18080 78 
18240 79 
18400 86 
18560 71 
18720 72 
18880 67 
19040 77 
19200 73 
19360 72 
19520 80 
19680 88 
19840 71 
20000 69 
20160 32 
20320 72 
20480 71 
20640 78 
20800 80 
20960 84 
21120 95 
21280 97 
21440 75 
21600 74 
21760 72 
21920 86 
22080 70 
22240 87 
22400 80 
22560 94 
22720 83 
22880 95 
23040 96 
23200 80 
23360 74 
23520 71 
23680 91 
23840 83 
24000 88 
24160 83 
24320 81 
24480 93 
24640 81 
