balancer
160 11 
320 11 
480 6 
640 6 
800 7 
960 6 
1120 8 
1280 8 
1440 5 
1600 7 
1760 5 
1920 8 
2080 6 
2240 9 
2400 9 
2560 11 
2720 8 
2880 8 
3040 6 
3200 8 
3360 7 
3520 8 
3680 6 
3840 7 
4000 9 
4160 9 
4320 8 
4480 10 
4640 10 
4800 7 
4960 7 
5120 9 
5280 7 
5440 8 
5600 9 
5760 9 
5920 11 
6080 11 
6240 12 
6400 12 
6560 11 
6720 11 
6880 10 
7040 13 
7200 13 
7360 14 
7520 12 
7680 12 
7840 14 
8000 11 
8160 14 
8320 13 
8480 24 
8640 29 
8800 27 
8960 33 
9120 32 
9280 31 
9440 31 
9600 31 
9760 31 
9920 30 
10080 36 
10240 33 
10400 31 
10560 31 
10720 39 
10880 29 
11040 32 
11200 33 
11360 34 
11520 34 
11680 32 
11840 34 
12000 33 
12160 34 
12320 35 
12480 37 
12640 34 
12800 34 
12960 35 
13120 34 
13280 37 
13440 37 
13600 38 
13760 35 
13920 36 
14080 38 
14240 37 
14400 40 
14560 42 
14720 38 
14880 37 
15040 39 
15200 38 
15360 44 
15520 42 
15680 39 
15840 36 
16000 38 
16160 41 
16320 42 
16480 45 
16640 41 
16800 41 
16960 39 
17120 42 
17280 45 
17440 47 
17600 45 
17760 45 
17920 41 
18080 42 
18240 46 
18400 46 
18560 51 
18720 46 
18880 44 
19040 50 
19200 44 
19360 48 
19520 47 
19680 50 
19840 50 
20000 43 
20160 44 
20320 21 
20480 45 
20640 49 
20800 47 
20960 52 
21120 43 
21280 55 
21440 62 
21600 56 
21760 59 
21920 57 
22080 58 
22240 57 
22400 59 
22560 61 
22720 54 
22880 54 
23040 55 
23200 54 
23360 57 
23520 55 
23680 61 
23840 65 
24000 64 
24160 58 
24320 62 
