balancer
160 10 
320 7 
480 5 
640 3 
800 7 
960 4 
1120 4 
1280 4 
1440 4 
1600 5 
1760 3 
1920 4 
2080 4 
2240 3 
2400 4 
2560 4 
2720 3 
2880 4 
3040 4 
3200 4 
3360 5 
3520 5 
3680 5 
3840 4 
4000 4 
4160 5 
4320 6 
4480 5 
4640 4 
4800 4 
4960 6 
5120 4 
5280 5 
5440 6 
5600 5 
5760 6 
5920 7 
6080 7 
6240 6 
6400 6 
6560 5 
6720 7 
6880 5 
7040 5 
7200 6 
7360 6 
7520 6 
7680 5 
7840 7 
8000 8 
8160 7 
8320 8 
8480 9 
8640 10 
8800 6 
8960 7 
9120 8 
9280 8 
9440 6 
9600 8 
9760 7 
9920 7 
10080 8 
10240 8 
10400 8 
10560 6 
10720 8 
10880 8 
11040 8 
11200 7 
11360 8 
11520 6 
11680 8 
11840 9 
12000 7 
12160 6 
12320 7 
12480 8 
12640 9 
12800 10 
12960 9 
13120 10 
13280 9 
13440 9 
13600 11 
13760 9 
13920 10 
14080 10 
14240 9 
14400 9 
14560 9 
14720 10 
14880 8 
15040 10 
15200 10 
15360 8 
15520 10 
15680 9 
15840 9 
16000 10 
16160 10 
16320 10 
16480 8 
16640 11 
16800 10 
16960 10 
17120 11 
17280 11 
17440 13 
17600 10 
17760 11 
17920 11 
18080 10 
18240 10 
18400 10 
18560 9 
18720 11 
18880 17 
19040 15 
19200 17 
19360 17 
19520 17 
19680 18 
19840 19 
20000 19 
20160 18 
20320 14 
20480 17 
20640 16 
20800 18 
20960 16 
21120 17 
21280 17 
21440 17 
21600 17 
21760 17 
21920 17 
22080 17 
22240 18 
22400 20 
22560 16 
22720 17 
22880 16 
23040 18 
23200 17 
23360 17 
23520 17 
