balancer
160 20 
320 17 
480 13 
640 14 
800 16 
960 15 
1120 15 
1280 14 
1440 16 
1600 18 
1760 16 
1920 15 
2080 15 
2240 16 
2400 15 
2560 18 
2720 16 
2880 17 
3040 18 
3200 20 
3360 20 
3520 19 
3680 18 
3840 18 
4000 19 
4160 23 
4320 21 
4480 25 
4640 18 
4800 20 
4960 21 
5120 18 
5280 22 
5440 21 
5600 23 
5760 25 
5920 21 
6080 23 
6240 25 
6400 25 
6560 26 
6720 30 
6880 28 
7040 25 
7200 25 
7360 25 
7520 28 
7680 26 
7840 29 
8000 35 
8160 29 
8320 30 
8480 29 
8640 30 
8800 31 
8960 33 
9120 32 
9280 36 
9440 30 
9600 31 
9760 31 
9920 35 
10080 35 
10240 33 
10400 34 
10560 34 
10720 33 
10880 31 
11040 35 
11200 37 
11360 38 
11520 39 
11680 35 
11840 37 
12000 36 
12160 39 
12320 39 
12480 40 
12640 45 
12800 39 
12960 45 
13120 46 
13280 46 
13440 46 
13600 50 
13760 54 
13920 51 
14080 45 
14240 49 
14400 47 
14560 49 
14720 53 
14880 51 
15040 55 
15200 55 
15360 54 
15520 52 
15680 51 
15840 58 
16000 56 
16160 56 
16320 54 
16480 55 
16640 57 
16800 53 
16960 58 
17120 63 
17280 59 
17440 57 
17600 56 
17760 55 
17920 58 
18080 67 
18240 59 
18400 60 
18560 61 
18720 67 
18880 59 
19040 59 
19200 57 
19360 59 
19520 60 
19680 70 
19840 70 
20000 65 
20160 57 
20320 59 
20480 73 
20640 62 
20800 68 
20960 95 
21120 72 
21280 70 
21440 65 
21600 63 
21760 64 
21920 61 
22080 87 
22240 65 
22400 63 
22560 66 
22720 86 
22880 90 
23040 72 
23200 78 
23360 67 
23520 70 
