balancer
160 10 
320 7 
480 4 
640 6 
800 5 
960 4 
1120 6 
1280 4 
1440 5 
1600 3 
1760 4 
1920 5 
2080 3 
2240 4 
2400 5 
2560 4 
2720 5 
2880 5 
3040 4 
3200 5 
3360 8 
3520 6 
3680 6 
3840 6 
4000 7 
4160 6 
4320 6 
4480 7 
4640 7 
4800 6 
4960 6 
5120 6 
5280 6 
5440 6 
5600 6 
5760 6 
5920 9 
6080 7 
6240 7 
6400 8 
6560 8 
6720 7 
6880 6 
7040 8 
7200 6 
7360 7 
7520 7 
7680 7 
7840 7 
8000 8 
8160 9 
8320 9 
8480 9 
8640 8 
8800 10 
8960 10 
9120 8 
9280 9 
9440 8 
9600 9 
9760 8 
9920 11 
10080 9 
10240 10 
10400 10 
10560 10 
10720 9 
10880 13 
11040 10 
11200 9 
11360 11 
11520 11 
11680 10 
11840 10 
12000 9 
12160 10 
12320 10 
12480 10 
12640 13 
12800 9 
12960 12 
13120 13 
13280 9 
13440 10 
13600 10 
13760 11 
13920 11 
14080 12 
14240 11 
14400 12 
14560 10 
14720 11 
14880 13 
15040 11 
15200 11 
15360 10 
15520 13 
15680 12 
15840 12 
16000 12 
16160 15 
16320 12 
16480 11 
16640 11 
16800 12 
16960 12 
17120 12 
17280 12 
17440 11 
17600 13 
17760 11 
17920 13 
18080 11 
18240 14 
18400 15 
18560 14 
18720 16 
18880 13 
19040 17 
19200 15 
19360 16 
19520 15 
19680 14 
19840 15 
20000 16 
20160 16 
20320 14 
20480 16 
20640 16 
20800 19 
20960 18 
21120 22 
21280 17 
21440 18 
21600 40 
21760 17 
21920 17 
22080 19 
22240 18 
22400 20 
22560 20 
22720 17 
22880 19 
23040 22 
23200 24 
23360 24 
23520 19 
23680 20 
