balancer
160 8 
320 5 
480 4 
640 4 
800 4 
960 5 
1120 4 
1280 4 
1440 4 
1600 4 
1760 5 
1920 3 
2080 5 
2240 4 
2400 5 
2560 4 
2720 6 
2880 4 
3040 4 
3200 4 
3360 6 
3520 5 
3680 5 
3840 5 
4000 4 
4160 7 
4320 4 
4480 4 
4640 5 
4800 3 
4960 5 
5120 4 
5280 5 
5440 6 
5600 11 
5760 5 
5920 7 
6080 6 
6240 5 
6400 4 
6560 6 
6720 5 
6880 5 
7040 6 
7200 5 
7360 5 
7520 5 
7680 6 
7840 5 
8000 16 
8160 5 
8320 3 
8480 5 
8640 6 
8800 5 
8960 8 
9120 6 
9280 5 
9440 8 
9600 6 
9760 8 
9920 9 
10080 6 
10240 6 
10400 6 
10560 7 
10720 6 
10880 7 
11040 6 
11200 6 
11360 7 
11520 6 
11680 7 
11840 7 
12000 7 
12160 8 
12320 7 
12480 8 
12640 8 
12800 9 
12960 7 
13120 7 
13280 7 
13440 8 
13600 7 
13760 7 
13920 7 
14080 7 
14240 7 
14400 8 
14560 7 
14720 37 
14880 9 
15040 10 
15200 9 
15360 8 
15520 10 
15680 10 
15840 9 
16000 8 
16160 6 
16320 8 
16480 8 
16640 9 
16800 8 
16960 10 
17120 8 
17280 9 
17440 8 
17600 32 
17760 9 
17920 8 
18080 8 
18240 9 
18400 9 
18560 10 
18720 46 
18880 10 
19040 47 
19200 11 
19360 54 
19520 11 
19680 10 
19840 12 
20000 14 
20160 9 
20320 10 
20480 11 
20640 8 
20800 10 
20960 9 
21120 11 
21280 11 
21440 11 
21600 10 
21760 11 
21920 10 
22080 12 
22240 13 
22400 12 
22560 12 
22720 28 
22880 12 
23040 14 
23200 15 
23360 11 
23520 13 
23680 13 
23840 12 
24000 11 
24160 15 
24320 12 
24480 16 
24640 12 
24800 13 
24960 14 
