store
160 31 
320 15 
480 15 
640 15 
800 14 
960 16 
1120 14 
1280 15 
1440 16 
1600 16 
1760 15 
1920 17 
2080 15 
2240 18 
2400 14 
2560 14 
2720 15 
2880 14 
3040 16 
3200 15 
3360 18 
3520 16 
3680 19 
3840 18 
4000 17 
4160 18 
4320 15 
4480 15 
4640 15 
4800 17 
4960 14 
5120 16 
5280 20 
5440 16 
5600 20 
5760 19 
5920 23 
6080 21 
6240 18 
6400 18 
6560 15 
6720 16 
6880 17 
7040 16 
7200 16 
7360 17 
7520 22 
7680 21 
7840 25 
8000 19 
8160 22 
8320 25 
8480 17 
8640 19 
8800 20 
8960 19 
9120 20 
9280 17 
9440 19 
9600 21 
9760 18 
9920 17 
10080 19 
10240 17 
10400 20 
10560 28 
10720 24 
10880 24 
11040 23 
11200 29 
11360 33 
11520 32 
11680 20 
11840 18 
12000 19 
12160 20 
12320 19 
12480 21 
12640 17 
12800 19 
12960 20 
13120 18 
13280 22 
13440 22 
13600 30 
13760 22 
13920 26 
14080 24 
14240 24 
14400 25 
14560 39 
14720 36 
14880 35 
15040 34 
15200 46 
15360 49 
15520 52 
15680 24 
15840 22 
16000 27 
16160 23 
16320 27 
16480 23 
16640 34 
16800 29 
16960 27 
17120 34 
17280 32 
17440 31 
17600 30 
17760 36 
17920 29 
18080 29 
18240 31 
18400 32 
18560 32 
18720 32 
18880 35 
19040 52 
19200 45 
19360 47 
19520 44 
19680 53 
19840 74 
20000 66 
20160 41 
20320 35 
20480 39 
20640 35 
20800 33 
20960 37 
21120 31 
21280 33 
21440 37 
21600 37 
21760 37 
21920 31 
22080 42 
22240 38 
22400 46 
22560 39 
22720 39 
22880 35 
23040 39 
23200 37 
23360 34 
23520 38 
23680 43 
