worker
160 12 
320 21 
480 9 
640 6 
800 3 
960 4 
1120 3 
1280 7 
1440 3 
1600 5 
1760 6 
1920 4 
2080 9 
2240 6 
2400 4 
2560 3 
2720 7 
2880 5 
3040 5 
3200 4 
3360 5 
3520 7 
3680 5 
3840 7 
4000 10 
4160 6 
4320 7 
4480 6 
4640 6 
4800 6 
4960 6 
5120 6 
5280 7 
5440 6 
5600 7 
5760 9 
5920 6 
6080 9 
6240 10 
6400 8 
6560 13 
6720 15 
6880 9 
7040 10 
7200 53 
7360 13 
7520 14 
7680 10 
7840 15 
8000 9 
8160 11 
8320 10 
8480 11 
8640 10 
8800 14 
8960 11 
9120 11 
9280 11 
9440 14 
9600 15 
9760 15 
9920 13 
10080 15 
10240 15 
10400 14 
10560 14 
10720 15 
10880 14 
11040 16 
11200 12 
11360 14 
11520 11 
11680 13 
11840 16 
12000 11 
12160 14 
12320 15 
12480 14 
12640 16 
12800 13 
12960 15 
13120 14 
13280 13 
13440 18 
13600 20 
13760 18 
13920 17 
14080 17 
14240 19 
14400 18 
14560 19 
14720 17 
14880 22 
15040 16 
15200 21 
15360 15 
15520 15 
15680 16 
15840 16 
16000 18 
16160 15 
16320 17 
16480 14 
16640 18 
16800 19 
16960 13 
17120 19 
17280 16 
17440 18 
17600 16 
17760 23 
17920 17 
18080 23 
18240 19 
18400 24 
18560 25 
18720 26 
18880 22 
19040 27 
19200 23 
19360 20 
19520 32 
19680 31 
19840 36 
20000 29 
20160 28 
20320 27 
20480 32 
20640 28 
20800 30 
20960 23 
21120 28 
21280 30 
21440 27 
21600 32 
21760 27 
21920 39 
22080 40 
22240 40 
22400 42 
22560 36 
22720 39 
22880 41 
23040 44 
23200 44 
23360 30 
23520 32 
23680 30 
23840 35 
24000 38 
24160 35 
