worker
160 25 
320 13 
480 31 
640 24 
800 20 
960 28 
1120 24 
1280 24 
1440 25 
1600 22 
1760 21 
1920 22 
2080 22 
2240 23 
2400 26 
2560 27 
2720 22 
2880 26 
3040 26 
3200 25 
3360 26 
3520 24 
3680 24 
3840 24 
4000 22 
4160 24 
4320 24 
4480 29 
4640 26 
4800 29 
4960 30 
5120 29 
5280 32 
5440 29 
5600 28 
5760 26 
5920 29 
6080 26 
6240 9 
6400 9 
6560 27 
6720 27 
6880 26 
7040 27 
7200 30 
7360 32 
7520 34 
7680 30 
7840 32 
8000 36 
8160 33 
8320 36 
8480 36 
8640 30 
8800 29 
8960 28 
9120 31 
9280 31 
9440 32 
9600 31 
9760 32 
9920 32 
10080 32 
10240 30 
10400 40 
10560 41 
10720 40 
10880 34 
11040 38 
11200 38 
11360 47 
11520 35 
11680 34 
11840 33 
12000 34 
12160 33 
12320 31 
12480 37 
12640 32 
12800 37 
12960 32 
13120 39 
13280 36 
13440 37 
13600 37 
13760 36 
13920 36 
14080 51 
14240 48 
14400 47 
14560 50 
14720 40 
14880 46 
15040 63 
15200 40 
15360 39 
15520 37 
15680 38 
15840 41 
16000 38 
16160 36 
16320 37 
16480 42 
16640 43 
16800 48 
16960 37 
17120 39 
17280 41 
17440 41 
17600 42 
17760 39 
17920 41 
18080 40 
18240 34 
18400 39 
18560 58 
18720 53 
18880 56 
19040 46 
19200 52 
19360 62 
19520 53 
19680 43 
19840 46 
20000 43 
20160 41 
20320 36 
20480 48 
20640 45 
20800 41 
20960 39 
21120 41 
21280 41 
21440 44 
21600 40 
21760 45 
21920 62 
22080 44 
22240 40 
22400 45 
22560 45 
22720 45 
22880 45 
23040 46 
23200 53 
23360 66 
23520 61 
23680 34 
23840 58 
24000 52 
24160 67 
24320 70 
