worker
160 12 
320 14 
480 16 
640 9 
800 7 
960 10 
1120 15 
1280 8 
1440 11 
1600 12 
1760 9 
1920 14 
2080 10 
2240 14 
2400 10 
2560 11 
2720 13 
2880 11 
3040 16 
3200 10 
3360 11 
3520 10 
3680 12 
3840 10 
4000 10 
4160 12 
4320 12 
4480 12 
4640 13 
4800 16 
4960 13 
5120 12 
5280 14 
5440 13 
5600 13 
5760 17 
5920 17 
6080 14 
6240 17 
6400 14 
6560 19 
6720 15 
6880 13 
7040 14 
7200 13 
7360 13 
7520 15 
7680 15 
7840 12 
8000 16 
8160 14 
8320 16 
8480 20 
8640 17 
8800 18 
8960 21 
9120 16 
9280 19 
9440 16 
9600 21 
9760 25 
9920 25 
10080 18 
10240 28 
10400 22 
10560 22 
10720 19 
10880 20 
11040 21 
11200 21 
11360 21 
11520 19 
11680 20 
11840 23 
12000 19 
12160 22 
12320 19 
12480 27 
12640 28 
12800 22 
12960 26 
13120 27 
13280 25 
13440 25 
13600 30 
13760 25 
13920 31 
14080 33 
14240 25 
14400 28 
14560 21 
14720 23 
14880 25 
15040 26 
15200 22 
15360 26 
15520 24 
15680 24 
15840 22 
16000 25 
16160 27 
16320 28 
16480 24 
16640 34 
16800 29 
16960 34 
17120 31 
17280 34 
17440 33 
17600 28 
17760 37 
17920 29 
18080 46 
18240 28 
18400 29 
18560 25 
18720 25 
18880 30 
19040 30 
19200 28 
19360 25 
19520 29 
19680 28 
19840 28 
20000 31 
20160 24 
20320 34 
20480 27 
20640 29 
20800 28 
20960 28 
21120 36 
21280 36 
21440 40 
21600 36 
21760 34 
21920 39 
22080 37 
22240 34 
22400 47 
22560 39 
22720 34 
22880 34 
23040 34 
23200 36 
23360 34 
23520 32 
23680 33 
