worker
160 18 
320 21 
480 5 
640 3 
800 7 
960 6 
1120 4 
1280 3 
1440 5 
1600 4 
1760 6 
1920 5 
2080 7 
2240 6 
2400 9 
2560 5 
2720 5 
2880 5 
3040 6 
3200 6 
3360 7 
3520 8 
3680 5 
3840 7 
4000 9 
4160 7 
4320 11 
4480 7 
4640 12 
4800 7 
4960 7 
5120 7 
5280 7 
5440 9 
5600 8 
5760 6 
5920 8 
6080 6 
6240 9 
6400 7 
6560 13 
6720 9 
6880 10 
7040 11 
7200 11 
7360 10 
7520 12 
7680 13 
7840 12 
8000 19 
8160 11 
8320 14 
8480 15 
8640 10 
8800 11 
8960 10 
9120 11 
9280 12 
9440 13 
9600 12 
9760 11 
9920 11 
10080 12 
10240 11 
10400 14 
10560 14 
10720 15 
10880 13 
11040 14 
11200 19 
11360 12 
11520 20 
11680 20 
11840 21 
12000 19 
12160 25 
12320 15 
12480 20 
12640 13 
12800 17 
12960 21 
13120 23 
13280 16 
13440 19 
13600 17 
13760 23 
13920 19 
14080 23 
14240 26 
14400 26 
14560 29 
14720 24 
14880 25 
15040 24 
15200 24 
15360 29 
15520 21 
15680 28 
15840 28 
16000 21 
16160 21 
16320 19 
16480 24 
16640 25 
16800 21 
16960 25 
17120 25 
17280 26 
17440 22 
17600 22 
17760 21 
17920 22 
18080 23 
18240 28 
18400 25 
18560 27 
18720 24 
18880 29 
19040 27 
19200 29 
19360 25 
19520 29 
19680 29 
19840 27 
20000 24 
20160 24 
20320 23 
20480 23 
20640 23 
20800 24 
20960 23 
21120 30 
21280 28 
21440 30 
21600 28 
21760 26 
21920 27 
22080 29 
22240 27 
22400 27 
22560 25 
22720 42 
22880 36 
23040 35 
23200 34 
23360 36 
23520 32 
23680 38 
