worker
160 18 
320 14 
480 5 
640 3 
800 5 
960 7 
1120 4 
1280 3 
1440 4 
1600 4 
1760 6 
1920 3 
2080 4 
2240 5 
2400 6 
2560 9 
2720 9 
2880 6 
3040 7 
3200 5 
3360 8 
3520 6 
3680 9 
3840 8 
4000 7 
4160 9 
4320 9 
4480 15 
4640 7 
4800 9 
4960 8 
5120 8 
5280 10 
5440 6 
5600 7 
5760 9 
5920 9 
6080 12 
6240 12 
6400 9 
6560 9 
6720 12 
6880 9 
7040 12 
7200 14 
7360 11 
7520 13 
7680 15 
7840 12 
8000 13 
8160 10 
8320 12 
8480 10 
8640 11 
8800 10 
8960 11 
9120 10 
9280 11 
9440 12 
9600 11 
9760 17 
9920 16 
10080 16 
10240 18 
10400 14 
10560 18 
10720 15 
10880 17 
11040 19 
11200 19 
11360 17 
11520 18 
11680 20 
11840 13 
12000 17 
12160 13 
12320 17 
12480 12 
12640 14 
12800 16 
12960 16 
13120 14 
13280 13 
13440 19 
13600 21 
13760 17 
13920 22 
14080 22 
14240 21 
14400 22 
14560 24 
14720 21 
14880 21 
15040 22 
15200 26 
15360 25 
15520 29 
15680 22 
15840 19 
16000 21 
16160 22 
16320 19 
16480 22 
16640 25 
16800 23 
16960 23 
17120 24 
17280 25 
17440 26 
17600 33 
17760 21 
17920 32 
18080 32 
18240 27 
18400 30 
18560 32 
18720 34 
18880 32 
19040 34 
19200 30 
19360 36 
19520 41 
19680 25 
19840 26 
20000 30 
20160 26 
20320 29 
20480 24 
20640 34 
20800 24 
20960 26 
21120 26 
21280 21 
21440 28 
21600 32 
21760 28 
21920 32 
22080 22 
22240 32 
22400 36 
22560 35 
22720 37 
22880 42 
23040 40 
23200 37 
23360 34 
23520 39 
23680 36 
23840 37 
24000 45 
