worker
160 18 
320 13 
480 6 
640 6 
800 5 
960 4 
1120 2 
1280 6 
1440 4 
1600 3 
1760 4 
1920 5 
2080 4 
2240 6 
2400 4 
2560 8 
2720 8 
2880 3 
3040 4 
3200 8 
3360 5 
3520 9 
3680 6 
3840 6 
4000 5 
4160 6 
4320 10 
4480 8 
4640 8 
4800 5 
4960 7 
5120 7 
5280 7 
5440 8 
5600 5 
5760 7 
5920 6 
6080 10 
6240 8 
6400 11 
6560 10 
6720 9 
6880 11 
7040 10 
7200 12 
7360 12 
7520 11 
7680 12 
7840 12 
8000 10 
8160 13 
8320 11 
8480 10 
8640 12 
8800 12 
8960 9 
9120 11 
9280 10 
9440 10 
9600 14 
9760 9 
9920 10 
10080 9 
10240 15 
10400 14 
10560 13 
10720 13 
10880 15 
11040 16 
11200 17 
11360 13 
11520 16 
11680 17 
11840 17 
12000 14 
12160 13 
12320 16 
12480 13 
12640 17 
12800 13 
12960 18 
13120 21 
13280 25 
13440 21 
13600 26 
13760 26 
13920 29 
14080 28 
14240 27 
14400 31 
14560 26 
14720 23 
14880 24 
15040 29 
15200 26 
15360 24 
15520 22 
15680 25 
15840 24 
16000 28 
16160 26 
16320 31 
16480 34 
16640 33 
16800 33 
16960 29 
17120 34 
17280 33 
17440 32 
17600 33 
17760 34 
17920 27 
18080 29 
18240 28 
18400 29 
18560 29 
18720 32 
18880 31 
19040 32 
19200 32 
19360 33 
19520 33 
19680 34 
19840 46 
20000 43 
20160 47 
20320 45 
20480 37 
20640 42 
20800 46 
20960 46 
21120 30 
21280 34 
21440 32 
21600 32 
21760 30 
21920 33 
22080 32 
22240 32 
22400 33 
22560 33 
22720 31 
22880 32 
23040 33 
23200 30 
23360 37 
23520 43 
23680 40 
