worker
160 25 
320 13 
480 5 
640 5 
800 3 
960 7 
1120 3 
1280 4 
1440 3 
1600 5 
1760 5 
1920 4 
2080 5 
2240 7 
2400 7 
2560 7 
2720 3 
2880 6 
3040 5 
3200 6 
3360 5 
3520 4 
3680 6 
3840 7 
4000 7 
4160 8 
4320 5 
4480 6 
4640 11 
4800 6 
4960 6 
5120 8 
5280 5 
5440 8 
5600 9 
5760 8 
5920 7 
6080 12 
6240 10 
6400 14 
6560 13 
6720 13 
6880 11 
7040 14 
7200 14 
7360 16 
7520 14 
7680 12 
7840 20 
8000 10 
8160 11 
8320 12 
8480 10 
8640 12 
8800 13 
8960 12 
9120 13 
9280 15 
9440 11 
9600 14 
9760 17 
9920 14 
10080 17 
10240 18 
10400 17 
10560 16 
10720 15 
10880 17 
11040 20 
11200 21 
11360 17 
11520 18 
11680 20 
11840 17 
12000 13 
12160 13 
12320 18 
12480 15 
12640 13 
12800 15 
12960 19 
13120 21 
13280 20 
13440 22 
13600 23 
13760 22 
13920 25 
14080 22 
14240 24 
14400 24 
14560 26 
14720 25 
14880 24 
15040 26 
15200 21 
15360 21 
15520 23 
15680 22 
15840 20 
16000 19 
16160 21 
16320 23 
16480 21 
16640 21 
16800 23 
16960 24 
17120 26 
17280 26 
17440 30 
17600 29 
17760 25 
17920 29 
18080 32 
18240 25 
18400 30 
18560 33 
18720 31 
18880 41 
19040 26 
19200 26 
19360 27 
19520 26 
19680 27 
19840 22 
20000 23 
20160 31 
20320 25 
20480 22 
20640 25 
20800 27 
20960 21 
21120 24 
21280 29 
21440 35 
21600 36 
21760 35 
21920 38 
22080 36 
22240 38 
22400 36 
22560 35 
22720 31 
22880 34 
23040 42 
23200 31 
23360 27 
23520 29 
23680 28 
