worker
160 18 
320 14 
480 6 
640 3 
800 7 
960 3 
1120 3 
1280 5 
1440 7 
1600 4 
1760 4 
1920 3 
2080 5 
2240 7 
2400 4 
2560 8 
2720 4 
2880 4 
3040 6 
3200 5 
3360 5 
3520 5 
3680 4 
3840 7 
4000 6 
4160 5 
4320 7 
4480 10 
4640 6 
4800 6 
4960 7 
5120 4 
5280 7 
5440 7 
5600 5 
5760 7 
5920 7 
6080 6 
6240 10 
6400 9 
6560 12 
6720 12 
6880 12 
7040 16 
7200 14 
7360 13 
7520 13 
7680 14 
7840 14 
8000 15 
8160 11 
8320 14 
8480 13 
8640 12 
8800 13 
8960 12 
9120 12 
9280 13 
9440 11 
9600 13 
9760 14 
9920 17 
10080 17 
10240 18 
10400 17 
10560 16 
10720 12 
10880 22 
11040 18 
11200 18 
11360 14 
11520 17 
11680 12 
11840 15 
12000 16 
12160 13 
12320 17 
12480 13 
12640 16 
12800 13 
12960 15 
13120 16 
13280 18 
13440 20 
13600 19 
13760 19 
13920 19 
14080 19 
14240 25 
14400 19 
14560 19 
14720 22 
14880 23 
15040 21 
15200 27 
15360 17 
15520 20 
15680 18 
15840 17 
16000 20 
16160 19 
16320 20 
16480 21 
16640 20 
16800 23 
16960 17 
17120 23 
17280 22 
17440 19 
17600 29 
17760 23 
17920 28 
18080 24 
18240 28 
18400 24 
18560 31 
18720 26 
18880 26 
19040 27 
19200 27 
19360 28 
19520 28 
19680 23 
19840 23 
20000 20 
20160 22 
20320 20 
20480 22 
20640 21 
20800 21 
20960 21 
21120 22 
21280 27 
21440 23 
21600 27 
21760 25 
21920 25 
22080 30 
22240 32 
22400 30 
22560 33 
22720 28 
22880 29 
23040 38 
23200 32 
23360 33 
23520 28 
23680 29 
