worker
160 18 
320 18 
480 4 
640 3 
800 5 
960 7 
1120 3 
1280 3 
1440 4 
1600 5 
1760 3 
1920 5 
2080 5 
2240 5 
2400 14 
2560 5 
2720 5 
2880 9 
3040 6 
3200 4 
3360 7 
3520 11 
3680 7 
3840 8 
4000 10 
4160 9 
4320 12 
4480 11 
4640 13 
4800 10 
4960 14 
5120 13 
5280 10 
5440 10 
5600 10 
5760 9 
5920 13 
6080 11 
6240 12 
6400 15 
6560 14 
6720 19 
6880 15 
7040 16 
7200 14 
7360 17 
7520 16 
7680 16 
7840 21 
8000 16 
8160 12 
8320 17 
8480 25 
8640 34 
8800 33 
8960 38 
9120 40 
9280 39 
9440 46 
9600 38 
9760 32 
9920 33 
10080 36 
10240 36 
10400 36 
10560 38 
10720 39 
10880 39 
11040 45 
11200 41 
11360 37 
11520 46 
11680 36 
11840 33 
12000 35 
12160 32 
12320 35 
12480 37 
12640 36 
12800 39 
12960 35 
13120 47 
13280 51 
13440 48 
13600 46 
13760 53 
13920 56 
14080 39 
14240 39 
14400 37 
14560 44 
14720 41 
14880 39 
15040 38 
15200 39 
15360 42 
15520 39 
15680 38 
15840 40 
16000 51 
16160 48 
16320 48 
16480 48 
16640 54 
16800 56 
16960 41 
17120 42 
17280 43 
17440 46 
17600 41 
17760 42 
17920 43 
18080 45 
18240 44 
18400 43 
18560 46 
18720 38 
18880 46 
19040 47 
19200 50 
19360 61 
19520 55 
19680 53 
19840 57 
20000 58 
20160 76 
20320 42 
20480 36 
20640 40 
20800 49 
20960 45 
21120 44 
21280 47 
21440 49 
21600 46 
21760 46 
21920 47 
22080 40 
22240 45 
22400 40 
22560 46 
22720 47 
22880 46 
23040 46 
23200 58 
23360 66 
23520 63 
23680 60 
