worker
160 18 
320 20 
480 5 
640 3 
800 5 
960 7 
1120 3 
1280 3 
1440 6 
1600 3 
1760 5 
1920 8 
2080 9 
2240 7 
2400 8 
2560 10 
2720 7 
2880 10 
3040 8 
3200 10 
3360 8 
3520 10 
3680 9 
3840 6 
4000 7 
4160 8 
4320 6 
4480 10 
4640 9 
4800 8 
4960 10 
5120 12 
5280 12 
5440 9 
5600 12 
5760 11 
5920 14 
6080 14 
6240 12 
6400 14 
6560 12 
6720 15 
6880 11 
7040 10 
7200 12 
7360 10 
7520 10 
7680 13 
7840 12 
8000 10 
8160 14 
8320 13 
8480 14 
8640 17 
8800 16 
8960 14 
9120 16 
9280 19 
9440 17 
9600 17 
9760 20 
9920 14 
10080 22 
10240 12 
10400 14 
10560 16 
10720 14 
10880 15 
11040 15 
11200 14 
11360 16 
11520 13 
11680 15 
11840 16 
12000 18 
12160 22 
12320 18 
12480 20 
12640 22 
12800 20 
12960 21 
13120 21 
13280 21 
13440 22 
13600 23 
13760 27 
13920 25 
14080 26 
14240 18 
14400 20 
14560 24 
14720 21 
14880 22 
15040 20 
15200 19 
15360 20 
15520 23 
15680 24 
15840 21 
16000 24 
16160 33 
16320 30 
16480 33 
16640 30 
16800 28 
16960 31 
17120 32 
17280 30 
17440 37 
17600 27 
17760 31 
17920 30 
18080 28 
18240 30 
18400 27 
18560 28 
18720 30 
18880 31 
19040 27 
19200 32 
19360 30 
19520 26 
19680 31 
19840 38 
20000 35 
20160 35 
20320 42 
20480 33 
20640 37 
20800 37 
20960 31 
21120 42 
21280 35 
21440 29 
21600 31 
21760 30 
21920 31 
22080 27 
22240 34 
22400 29 
22560 32 
22720 30 
22880 32 
23040 30 
23200 31 
23360 27 
23520 31 
23680 34 
