worker
160 25 
320 14 
480 6 
640 3 
800 9 
960 3 
1120 3 
1280 4 
1440 3 
1600 5 
1760 4 
1920 3 
2080 6 
2240 5 
2400 6 
2560 6 
2720 8 
2880 5 
3040 4 
3200 5 
3360 4 
3520 5 
3680 6 
3840 5 
4000 4 
4160 10 
4320 14 
4480 13 
4640 11 
4800 10 
4960 11 
5120 12 
5280 10 
5440 12 
5600 11 
5760 11 
5920 13 
6080 15 
6240 14 
6400 12 
6560 18 
6720 14 
6880 15 
7040 16 
7200 16 
7360 18 
7520 13 
7680 11 
7840 13 
8000 15 
8160 14 
8320 13 
8480 16 
8640 13 
8800 16 
8960 17 
9120 21 
9280 17 
9440 18 
9600 19 
9760 14 
9920 19 
10080 16 
10240 21 
10400 16 
10560 22 
10720 13 
10880 19 
11040 14 
11200 16 
11360 17 
11520 17 
11680 17 
11840 18 
12000 15 
12160 18 
12320 16 
12480 20 
12640 24 
12800 18 
12960 21 
13120 19 
13280 22 
13440 25 
13600 21 
13760 25 
13920 24 
14080 19 
14240 23 
14400 22 
14560 29 
14720 18 
14880 20 
15040 18 
15200 20 
15360 16 
15520 23 
15680 17 
15840 19 
16000 23 
16160 19 
16320 20 
16480 18 
16640 20 
16800 20 
16960 20 
17120 25 
17280 25 
17440 26 
17600 24 
17760 24 
17920 23 
18080 27 
18240 31 
18400 27 
18560 24 
18720 28 
18880 26 
19040 31 
19200 20 
19360 23 
19520 23 
19680 23 
19840 26 
20000 26 
20160 22 
20320 28 
20480 28 
20640 21 
20800 25 
20960 29 
21120 22 
21280 27 
21440 25 
21600 29 
21760 32 
21920 32 
22080 29 
22240 36 
22400 26 
22560 33 
22720 37 
22880 33 
23040 37 
23200 30 
23360 60 
23520 29 
23680 31 
