worker
160 18 
320 16 
480 3 
640 6 
800 2 
960 10 
1120 4 
1280 7 
1440 5 
1600 5 
1760 6 
1920 8 
2080 6 
2240 8 
2400 8 
2560 6 
2720 6 
2880 4 
3040 8 
3200 9 
3360 7 
3520 8 
3680 8 
3840 9 
4000 10 
4160 8 
4320 7 
4480 7 
4640 6 
4800 9 
4960 7 
5120 6 
5280 7 
5440 12 
5600 11 
5760 8 
5920 11 
6080 11 
6240 11 
6400 13 
6560 12 
6720 14 
6880 13 
7040 13 
7200 14 
7360 15 
7520 9 
7680 12 
7840 12 
8000 10 
8160 12 
8320 15 
8480 15 
8640 13 
8800 12 
8960 13 
9120 17 
9280 14 
9440 15 
9600 15 
9760 17 
9920 20 
10080 15 
10240 16 
10400 19 
10560 18 
10720 18 
10880 14 
11040 16 
11200 17 
11360 14 
11520 18 
11680 14 
11840 14 
12000 17 
12160 17 
12320 16 
12480 17 
12640 13 
12800 16 
12960 23 
13120 23 
13280 19 
13440 24 
13600 26 
13760 23 
13920 25 
14080 23 
14240 25 
14400 25 
14560 26 
14720 28 
14880 20 
15040 21 
15200 19 
15360 21 
15520 19 
15680 19 
15840 24 
16000 16 
16160 18 
16320 22 
16480 22 
16640 21 
16800 18 
16960 25 
17120 22 
17280 26 
17440 25 
17600 29 
17760 27 
17920 32 
18080 30 
18240 34 
18400 31 
18560 28 
18720 41 
18880 22 
19040 27 
19200 30 
19360 23 
19520 30 
19680 27 
19840 26 
20000 25 
20160 30 
20320 34 
20480 30 
20640 29 
20800 30 
20960 36 
21120 33 
21280 35 
21440 41 
21600 39 
21760 33 
21920 38 
22080 44 
22240 35 
22400 52 
22560 31 
22720 32 
22880 34 
23040 36 
23200 33 
23360 33 
23520 39 
23680 34 
23840 34 
24000 32 
