worker
160 18 
320 16 
480 4 
640 5 
800 3 
960 23 
1120 25 
1280 19 
1440 28 
1600 22 
1760 24 
1920 24 
2080 27 
2240 24 
2400 29 
2560 24 
2720 22 
2880 21 
3040 26 
3200 28 
3360 28 
3520 28 
3680 32 
3840 30 
4000 28 
4160 27 
4320 24 
4480 25 
4640 25 
4800 25 
4960 26 
5120 27 
5280 24 
5440 28 
5600 28 
5760 29 
5920 32 
6080 31 
6240 31 
6400 31 
6560 33 
6720 28 
6880 28 
7040 28 
7200 25 
7360 31 
7520 24 
7680 29 
7840 29 
8000 27 
8160 29 
8320 36 
8480 35 
8640 36 
8800 36 
8960 37 
9120 35 
9280 40 
9440 30 
9600 27 
9760 28 
9920 29 
10080 32 
10240 29 
10400 30 
10560 31 
10720 29 
10880 32 
11040 31 
11200 30 
11360 34 
11520 43 
11680 40 
11840 39 
12000 37 
12160 39 
12320 42 
12480 43 
12640 32 
12800 32 
12960 38 
13120 30 
13280 36 
13440 33 
13600 34 
13760 31 
13920 34 
14080 25 
14240 35 
14400 34 
14560 35 
14720 34 
14880 34 
15040 34 
15200 39 
15360 48 
15520 52 
15680 50 
15840 46 
16000 44 
16160 49 
16320 48 
16480 37 
16640 38 
16800 38 
16960 35 
17120 39 
17280 39 
17440 41 
17600 41 
17760 41 
17920 35 
18080 39 
18240 40 
18400 40 
18560 37 
18720 45 
18880 38 
19040 42 
19200 42 
19360 41 
19520 51 
19680 54 
19840 46 
20000 51 
20160 45 
20320 47 
20480 71 
20640 40 
20800 41 
20960 41 
21120 39 
21280 35 
21440 49 
21600 37 
21760 45 
21920 43 
22080 37 
22240 43 
22400 42 
22560 45 
22720 56 
22880 38 
23040 46 
23200 41 
23360 43 
23520 45 
23680 43 
23840 44 
24000 39 
