worker
160 12 
320 18 
480 3 
640 3 
800 7 
960 3 
1120 5 
1280 5 
1440 4 
1600 3 
1760 5 
1920 4 
2080 6 
2240 9 
2400 4 
2560 7 
2720 5 
2880 5 
3040 6 
3200 4 
3360 7 
3520 4 
3680 6 
3840 6 
4000 9 
4160 9 
4320 13 
4480 7 
4640 8 
4800 7 
4960 6 
5120 8 
5280 6 
5440 8 
5600 7 
5760 11 
5920 7 
6080 9 
6240 11 
6400 9 
6560 9 
6720 13 
6880 13 
7040 12 
7200 15 
7360 13 
7520 11 
7680 13 
7840 16 
8000 10 
8160 8 
8320 13 
8480 11 
8640 10 
8800 11 
8960 12 
9120 10 
9280 9 
9440 15 
9600 9 
9760 13 
9920 13 
10080 14 
10240 15 
10400 15 
10560 12 
10720 17 
10880 16 
11040 14 
11200 17 
11360 14 
11520 18 
11680 13 
11840 13 
12000 18 
12160 13 
12320 15 
12480 14 
12640 16 
12800 12 
12960 13 
13120 16 
13280 14 
13440 18 
13600 20 
13760 18 
13920 18 
14080 22 
14240 16 
14400 21 
14560 15 
14720 21 
14880 20 
15040 18 
15200 24 
15360 19 
15520 23 
15680 15 
15840 15 
16000 15 
16160 19 
16320 15 
16480 14 
16640 21 
16800 18 
16960 15 
17120 17 
17280 16 
17440 19 
17600 17 
17760 18 
17920 23 
18080 23 
18240 25 
18400 20 
18560 27 
18720 24 
18880 25 
19040 24 
19200 22 
19360 25 
19520 22 
19680 21 
19840 23 
20000 35 
20160 22 
20320 22 
20480 23 
20640 22 
20800 23 
20960 27 
21120 23 
21280 28 
21440 26 
21600 28 
21760 23 
21920 22 
22080 27 
22240 25 
22400 29 
22560 31 
22720 38 
22880 37 
23040 77 
23200 42 
23360 37 
23520 35 
23680 37 
23840 44 
