worker
160 25 
320 16 
480 3 
640 5 
800 4 
960 5 
1120 4 
1280 7 
1440 2 
1600 3 
1760 5 
1920 8 
2080 4 
2240 5 
2400 5 
2560 6 
2720 6 
2880 8 
3040 6 
3200 7 
3360 7 
3520 5 
3680 9 
3840 7 
4000 9 
4160 10 
4320 9 
4480 7 
4640 5 
4800 8 
4960 6 
5120 7 
5280 5 
5440 7 
5600 11 
5760 10 
5920 9 
6080 8 
6240 8 
6400 10 
6560 11 
6720 12 
6880 12 
7040 15 
7200 11 
7360 10 
7520 13 
7680 12 
7840 11 
8000 11 
8160 14 
8320 12 
8480 12 
8640 13 
8800 10 
8960 11 
9120 13 
9280 11 
9440 12 
9600 13 
9760 13 
9920 14 
10080 13 
10240 14 
10400 23 
10560 14 
10720 18 
10880 12 
11040 15 
11200 18 
11360 20 
11520 20 
11680 13 
11840 14 
12000 14 
12160 14 
12320 16 
12480 13 
12640 14 
12800 12 
12960 15 
13120 14 
13280 15 
13440 18 
13600 17 
13760 19 
13920 22 
14080 17 
14240 17 
14400 19 
14560 20 
14720 21 
14880 16 
15040 25 
15200 20 
15360 23 
15520 20 
15680 21 
15840 17 
16000 17 
16160 17 
16320 17 
16480 23 
16640 20 
16800 21 
16960 22 
17120 24 
17280 22 
17440 23 
17600 23 
17760 20 
17920 29 
18080 24 
18240 26 
18400 24 
18560 22 
18720 28 
18880 22 
19040 28 
19200 27 
19360 34 
19520 32 
19680 27 
19840 34 
20000 24 
20160 26 
20320 25 
20480 27 
20640 31 
20800 40 
20960 36 
21120 35 
21280 36 
21440 36 
21600 34 
21760 38 
21920 47 
22080 44 
22240 49 
22400 50 
22560 45 
22720 45 
22880 57 
23040 40 
23200 36 
23360 37 
23520 32 
23680 37 
23840 37 
24000 41 
