worker
160 12 
320 15 
480 9 
640 9 
800 3 
960 6 
1120 3 
1280 2 
1440 3 
1600 5 
1760 6 
1920 4 
2080 3 
2240 9 
2400 3 
2560 8 
2720 5 
2880 4 
3040 4 
3200 7 
3360 7 
3520 4 
3680 6 
3840 6 
4000 7 
4160 6 
4320 5 
4480 8 
4640 7 
4800 11 
4960 6 
5120 5 
5280 6 
5440 6 
5600 6 
5760 7 
5920 6 
6080 7 
6240 9 
6400 8 
6560 5 
6720 8 
6880 6 
7040 12 
7200 19 
7360 12 
7520 12 
7680 13 
7840 10 
8000 15 
8160 13 
8320 10 
8480 16 
8640 17 
8800 19 
8960 14 
9120 17 
9280 18 
9440 18 
9600 16 
9760 17 
9920 19 
10080 20 
10240 14 
10400 14 
10560 17 
10720 14 
10880 16 
11040 14 
11200 18 
11360 16 
11520 17 
11680 22 
11840 22 
12000 19 
12160 27 
12320 19 
12480 22 
12640 22 
12800 25 
12960 26 
13120 23 
13280 29 
13440 28 
13600 16 
13760 27 
13920 22 
14080 22 
14240 22 
14400 25 
14560 27 
14720 22 
14880 26 
15040 21 
15200 24 
15360 24 
15520 29 
15680 31 
15840 30 
16000 31 
16160 30 
16320 25 
16480 29 
16640 29 
16800 30 
16960 28 
17120 27 
17280 29 
17440 23 
17600 26 
17760 24 
17920 29 
18080 24 
18240 27 
18400 28 
18560 28 
18720 25 
18880 32 
19040 22 
19200 26 
19360 29 
19520 34 
19680 35 
19840 34 
20000 40 
20160 32 
20320 37 
20480 28 
20640 38 
20800 37 
20960 44 
21120 28 
21280 32 
21440 29 
21600 31 
21760 32 
21920 28 
22080 30 
22240 37 
22400 29 
22560 30 
22720 32 
22880 32 
23040 31 
23200 36 
23360 31 
23520 35 
23680 41 
23840 38 
24000 43 
24160 41 
24320 63 
24480 48 
24640 44 
24800 32 
