worker
160 25 
320 18 
480 4 
640 4 
800 4 
960 7 
1120 4 
1280 6 
1440 3 
1600 3 
1760 3 
1920 7 
2080 5 
2240 5 
2400 5 
2560 6 
2720 9 
2880 21 
3040 7 
3200 3 
3360 3 
3520 6 
3680 4 
3840 7 
4000 8 
4160 9 
4320 6 
4480 10 
4640 11 
4800 9 
4960 7 
5120 6 
5280 8 
5440 7 
5600 8 
5760 9 
5920 9 
6080 9 
6240 9 
6400 9 
6560 11 
6720 9 
6880 14 
7040 10 
7200 15 
7360 10 
7520 12 
7680 13 
7840 12 
8000 10 
8160 15 
8320 9 
8480 8 
8640 8 
8800 10 
8960 9 
9120 12 
9280 11 
9440 10 
9600 10 
9760 13 
9920 10 
10080 12 
10240 17 
10400 13 
10560 13 
10720 15 
10880 16 
11040 15 
11200 13 
11360 15 
11520 19 
11680 15 
11840 15 
12000 19 
12160 17 
12320 20 
12480 18 
12640 19 
12800 21 
12960 15 
13120 20 
13280 23 
13440 24 
13600 23 
13760 25 
13920 25 
14080 24 
14240 26 
14400 30 
14560 27 
14720 26 
14880 28 
15040 25 
15200 23 
15360 24 
15520 27 
15680 24 
15840 25 
16000 26 
16160 25 
16320 25 
16480 24 
16640 29 
16800 32 
16960 30 
17120 29 
17280 34 
17440 34 
17600 33 
17760 35 
17920 32 
18080 34 
18240 26 
18400 26 
18560 28 
18720 28 
18880 30 
19040 27 
19200 28 
19360 26 
19520 34 
19680 31 
19840 33 
20000 28 
20160 34 
20320 44 
20480 38 
20640 44 
20800 38 
20960 38 
21120 38 
21280 35 
21440 34 
21600 44 
21760 31 
21920 32 
22080 33 
22240 31 
22400 29 
22560 32 
22720 31 
22880 36 
23040 29 
23200 32 
23360 33 
23520 32 
23680 34 
23840 32 
24000 36 
