worker
160 12 
320 16 
480 7 
640 5 
800 4 
960 6 
1120 2 
1280 6 
1440 4 
1600 4 
1760 6 
1920 3 
2080 5 
2240 11 
2400 10 
2560 8 
2720 12 
2880 10 
3040 12 
3200 15 
3360 10 
3520 12 
3680 15 
3840 12 
4000 10 
4160 13 
4320 10 
4480 11 
4640 13 
4800 10 
4960 9 
5120 10 
5280 12 
5440 12 
5600 12 
5760 15 
5920 15 
6080 11 
6240 15 
6400 17 
6560 16 
6720 10 
6880 15 
7040 16 
7200 13 
7360 15 
7520 15 
7680 12 
7840 13 
8000 12 
8160 13 
8320 11 
8480 15 
8640 14 
8800 15 
8960 13 
9120 14 
9280 17 
9440 17 
9600 19 
9760 16 
9920 19 
10080 16 
10240 20 
10400 18 
10560 22 
10720 20 
10880 22 
11040 21 
11200 20 
11360 23 
11520 15 
11680 19 
11840 19 
12000 18 
12160 21 
12320 21 
12480 23 
12640 23 
12800 24 
12960 22 
13120 30 
13280 28 
13440 27 
13600 34 
13760 27 
13920 26 
14080 26 
14240 32 
14400 32 
14560 31 
14720 29 
14880 23 
15040 24 
15200 25 
15360 25 
15520 26 
15680 22 
15840 21 
16000 25 
16160 25 
16320 26 
16480 25 
16640 25 
16800 24 
16960 28 
17120 29 
17280 35 
17440 29 
17600 34 
17760 35 
17920 38 
18080 38 
18240 32 
18400 37 
18560 45 
18720 31 
18880 28 
19040 30 
19200 30 
19360 33 
19520 31 
19680 28 
19840 27 
20000 26 
20160 29 
20320 32 
20480 25 
20640 30 
20800 26 
20960 29 
21120 26 
21280 28 
21440 36 
21600 40 
21760 39 
21920 33 
22080 41 
22240 40 
22400 37 
22560 42 
22720 57 
22880 38 
23040 35 
23200 33 
23360 33 
23520 31 
23680 32 
23840 33 
24000 29 
