balancer
40 17 
80 10 
120 12 
160 10 
200 7 
240 9 
280 12 
320 16 
360 11 
400 16 
440 15 
480 15 
520 17 
560 15 
600 16 
640 18 
680 20 
720 22 
760 18 
800 18 
840 20 
880 21 
920 20 
960 20 
1000 17 
1040 19 
1080 20 
1120 21 
1160 24 
1200 25 
1240 26 
1280 22 
1320 25 
1360 25 
1400 29 
1440 26 
1480 27 
1520 27 
1560 26 
1600 29 
1640 30 
1680 32 
1720 29 
1760 30 
1800 26 
1840 29 
1880 34 
1920 33 
1960 40 
2000 36 
2040 35 
2080 35 
2120 42 
2160 44 
2200 43 
2240 38 
2280 40 
2320 40 
2360 40 
