balancer
40 19 
80 12 
120 13 
160 12 
200 15 
240 17 
280 18 
320 19 
360 18 
400 21 
440 22 
480 21 
520 22 
560 24 
600 23 
640 25 
680 27 
720 26 
760 24 
800 27 
840 24 
880 27 
920 29 
960 29 
1000 27 
1040 28 
1080 32 
1120 34 
1160 31 
1200 31 
1240 32 
1280 37 
1320 38 
1360 34 
1400 34 
1440 36 
1480 38 
1520 39 
1560 40 
1600 38 
1640 35 
1680 37 
1720 42 
1760 43 
1800 40 
1840 39 
1880 39 
1920 42 
1960 48 
2000 44 
2040 41 
2080 42 
2120 52 
2160 54 
2200 51 
2240 45 
2280 47 
2320 49 
2360 50 
