worker
40 13 
80 21 
120 8 
160 12 
200 9 
240 10 
280 9 
320 16 
360 20 
400 13 
440 17 
480 12 
520 19 
560 19 
600 24 
640 21 
680 19 
720 19 
760 20 
800 18 
840 24 
880 23 
920 25 
960 28 
1000 23 
1040 23 
1080 23 
1120 22 
1160 24 
1200 25 
1240 30 
1280 32 
1320 39 
1360 34 
1400 28 
1440 25 
1480 27 
1520 28 
1560 29 
1600 33 
1640 40 
1680 46 
1720 31 
1760 32 
1800 33 
1840 30 
1880 31 
1920 36 
1960 37 
2000 43 
2040 38 
2080 35 
2120 36 
2160 37 
2200 36 
2240 38 
2280 50 
2320 48 
2360 40 
2400 41 
