worker
40 13 
80 18 
120 10 
160 9 
200 12 
240 7 
280 16 
320 19 
360 16 
400 17 
440 15 
480 18 
520 16 
560 21 
600 20 
640 22 
680 22 
720 20 
760 19 
800 19 
840 20 
880 22 
920 25 
960 27 
1000 30 
1040 21 
1080 22 
1120 25 
1160 24 
1200 23 
1240 27 
1280 29 
1320 36 
1360 40 
1400 30 
1440 29 
1480 32 
1520 34 
1560 32 
1600 39 
1640 40 
1680 38 
1720 34 
1760 33 
1800 33 
1840 35 
1880 43 
1920 45 
1960 40 
2000 42 
2040 41 
2080 38 
2120 47 
2160 57 
2200 56 
2240 48 
2280 46 
2320 41 
2360 42 
2400 50 
