clientJon
40 26 
80 19 
120 13 
160 13 
200 9 
240 11 
280 15 
320 13 
360 18 
400 17 
440 14 
480 17 
520 18 
560 23 
600 19 
640 20 
680 14 
720 17 
760 18 
800 19 
840 20 
880 25 
920 26 
960 25 
1000 25 
1040 24 
1080 32 
1120 38 
1160 31 
1200 27 
1240 27 
1280 27 
1320 34 
1360 38 
1400 35 
1440 28 
1480 29 
1520 29 
1560 35 
1600 43 
1640 40 
1680 32 
1720 30 
1760 33 
1800 38 
1840 46 
1880 40 
1920 32 
1960 34 
2000 38 
2040 45 
2080 47 
2120 38 
2160 36 
2200 36 
2240 42 
2280 49 
2320 47 
2360 41 
2400 41 
