clientJon
40 26 
80 20 
120 12 
160 13 
200 11 
240 13 
280 15 
320 18 
360 14 
400 14 
440 17 
480 20 
520 22 
560 23 
600 19 
640 15 
680 17 
720 17 
760 21 
800 23 
840 26 
880 25 
920 18 
960 19 
1000 20 
1040 21 
1080 28 
1120 31 
1160 27 
1200 25 
1240 23 
1280 25 
1320 30 
1360 34 
1400 32 
1440 25 
1480 26 
1520 27 
1560 33 
1600 35 
1640 41 
1680 33 
1720 29 
1760 29 
1800 36 
1840 43 
1880 44 
1920 34 
1960 33 
2000 33 
2040 40 
2080 46 
2120 42 
2160 35 
2200 36 
2240 40 
2280 47 
2320 49 
2360 35 
2400 36 
