clientJon
160 31 
320 19 
480 5 
640 4 
800 6 
960 5 
1120 8 
1280 5 
1440 5 
1600 6 
1760 7 
1920 7 
2080 7 
2240 20 
2400 23 
2560 16 
2720 18 
2880 17 
3040 19 
3200 20 
3360 22 
3520 20 
3680 17 
3840 17 
4000 17 
4160 20 
4320 26 
4480 22 
4640 20 
4800 18 
4960 19 
5120 21 
5280 27 
5440 23 
5600 19 
5760 21 
5920 21 
6080 20 
6240 24 
6400 32 
6560 32 
6720 25 
6880 25 
7040 26 
7200 26 
7360 32 
7520 36 
7680 26 
7840 27 
8000 26 
8160 31 
8320 37 
8480 37 
8640 29 
8800 31 
8960 30 
9120 51 
9280 33 
9440 34 
9600 43 
9760 34 
9920 30 
10080 29 
10240 30 
10400 35 
10560 40 
10720 41 
10880 31 
11040 31 
11200 30 
11360 32 
11520 40 
11680 46 
11840 37 
12000 34 
12160 32 
12320 34 
12480 35 
12640 41 
12800 52 
12960 35 
13120 36 
13280 33 
13440 34 
13600 38 
13760 43 
13920 54 
14080 40 
14240 37 
14400 36 
14560 35 
14720 37 
14880 45 
15040 58 
15200 38 
15360 39 
15520 39 
15680 39 
15840 49 
16000 55 
16160 51 
16320 44 
16480 39 
16640 51 
16800 41 
16960 52 
17120 58 
17280 43 
17440 44 
17600 43 
17760 47 
17920 37 
18080 56 
18240 54 
18400 46 
18560 46 
18720 43 
18880 55 
19040 59 
19200 47 
19360 47 
19520 47 
19680 50 
19840 57 
20000 57 
20160 53 
20320 49 
20480 47 
20640 47 
20800 54 
20960 59 
21120 68 
21280 42 
21440 49 
21600 47 
21760 47 
21920 48 
22080 59 
22240 62 
22400 50 
22560 50 
22720 47 
22880 57 
23040 62 
23200 63 
23360 49 
23520 55 
23680 47 
23840 59 
24000 73 
24160 60 
24320 50 
