clientJon
160 38 
320 18 
480 5 
640 5 
800 4 
960 5 
1120 6 
1280 6 
1440 5 
1600 6 
1760 5 
1920 6 
2080 7 
2240 7 
2400 9 
2560 8 
2720 10 
2880 7 
3040 7 
3200 7 
3360 6 
3520 9 
3680 7 
3840 8 
4000 9 
4160 10 
4320 12 
4480 13 
4640 14 
4800 20 
4960 24 
5120 18 
5280 19 
5440 21 
5600 23 
5760 28 
5920 27 
6080 21 
6240 18 
6400 23 
6560 21 
6720 22 
6880 27 
7040 30 
7200 29 
7360 22 
7520 23 
7680 21 
7840 23 
8000 26 
8160 31 
8320 33 
8480 23 
8640 25 
8800 24 
8960 26 
9120 29 
9280 35 
9440 35 
9600 26 
9760 26 
9920 26 
10080 29 
10240 32 
10400 36 
10560 35 
10720 25 
10880 28 
11040 29 
11200 35 
11360 41 
11520 36 
11680 31 
11840 29 
12000 27 
12160 30 
12320 34 
12480 37 
12640 44 
12800 36 
12960 29 
13120 32 
13280 30 
13440 30 
13600 38 
13760 44 
13920 44 
14080 34 
14240 32 
14400 32 
14560 32 
14720 37 
14880 40 
15040 50 
15200 36 
15360 33 
15520 32 
15680 33 
15840 39 
16000 40 
16160 48 
16320 43 
16480 35 
16640 33 
16800 36 
16960 41 
17120 42 
17280 52 
17440 43 
17600 36 
17760 36 
17920 36 
18080 43 
18240 46 
18400 60 
18560 39 
18720 40 
18880 40 
19040 37 
19200 40 
19360 44 
19520 56 
19680 55 
19840 44 
20000 40 
20160 43 
20320 42 
20480 46 
20640 47 
20800 51 
20960 42 
21120 42 
21280 39 
21440 44 
21600 47 
21760 56 
21920 55 
22080 41 
22240 42 
22400 40 
22560 41 
22720 46 
22880 52 
23040 61 
23200 43 
23360 43 
23520 43 
23680 43 
