clientJon
160 38 
320 16 
480 7 
640 4 
800 5 
960 6 
1120 6 
1280 6 
1440 4 
1600 6 
1760 5 
1920 6 
2080 7 
2240 8 
2400 9 
2560 16 
2720 9 
2880 10 
3040 9 
3200 10 
3360 10 
3520 10 
3680 11 
3840 10 
4000 13 
4160 13 
4320 17 
4480 17 
4640 18 
4800 13 
4960 12 
5120 13 
5280 12 
5440 13 
5600 15 
5760 16 
5920 19 
6080 20 
6240 21 
6400 14 
6560 15 
6720 15 
6880 15 
7040 16 
7200 17 
7360 20 
7520 23 
7680 23 
7840 20 
8000 16 
8160 16 
8320 17 
8480 19 
8640 22 
8800 25 
8960 28 
9120 25 
9280 19 
9440 19 
9600 19 
9760 20 
9920 23 
10080 27 
10240 34 
10400 35 
10560 31 
10720 26 
10880 25 
11040 25 
11200 28 
11360 33 
11520 37 
11680 35 
11840 28 
12000 26 
12160 26 
12320 29 
12480 29 
12640 33 
12800 37 
12960 44 
13120 32 
13280 28 
13440 30 
13600 28 
13760 29 
13920 37 
14080 42 
14240 45 
14400 36 
14560 29 
14720 30 
14880 31 
15040 32 
15200 37 
15360 41 
15520 47 
15680 33 
15840 34 
16000 31 
16160 31 
16320 37 
16480 40 
16640 51 
16800 42 
16960 34 
17120 33 
17280 33 
17440 31 
17600 38 
17760 42 
17920 52 
18080 44 
18240 32 
18400 34 
18560 36 
18720 34 
18880 39 
19040 42 
19200 55 
19360 49 
19520 31 
19680 38 
19840 32 
20000 36 
20160 38 
20320 39 
20480 40 
20640 45 
20800 66 
20960 64 
21120 39 
21280 40 
21440 40 
21600 41 
21760 44 
21920 52 
22080 63 
22240 43 
22400 41 
22560 41 
22720 43 
22880 46 
23040 47 
23200 66 
23360 49 
23520 42 
23680 41 
23840 39 
24000 44 
24160 42 
