clientJon
160 12 
320 20 
480 6 
640 4 
800 6 
960 8 
1120 8 
1280 8 
1440 7 
1600 7 
1760 6 
1920 7 
2080 8 
2240 11 
2400 8 
2560 11 
2720 12 
2880 12 
3040 13 
3200 10 
3360 10 
3520 10 
3680 11 
3840 11 
4000 10 
4160 13 
4320 13 
4480 15 
4640 15 
4800 17 
4960 15 
5120 12 
5280 13 
5440 11 
5600 12 
5760 12 
5920 15 
6080 15 
6240 18 
6400 19 
6560 21 
6720 16 
6880 15 
7040 14 
7200 16 
7360 15 
7520 17 
7680 18 
7840 21 
8000 22 
8160 22 
8320 16 
8480 18 
8640 16 
8800 18 
8960 20 
9120 20 
9280 23 
9440 26 
9600 27 
9760 18 
9920 18 
10080 19 
10240 18 
10400 18 
10560 21 
10720 22 
10880 23 
11040 28 
11200 28 
11360 24 
11520 21 
11680 21 
11840 20 
12000 22 
12160 22 
12320 24 
12480 27 
12640 30 
12800 32 
12960 24 
13120 22 
13280 23 
13440 22 
13600 21 
13760 25 
13920 27 
14080 31 
14240 32 
14400 31 
14560 24 
14720 25 
14880 24 
15040 24 
15200 26 
15360 29 
15520 31 
15680 36 
15840 32 
16000 27 
16160 25 
16320 26 
16480 27 
16640 29 
16800 32 
16960 38 
17120 33 
17280 28 
17440 28 
17600 28 
17760 27 
17920 28 
18080 30 
18240 34 
18400 40 
18560 38 
18720 30 
18880 29 
19040 31 
19200 28 
19360 31 
19520 33 
19680 41 
19840 47 
20000 47 
20160 36 
20320 37 
20480 36 
20640 35 
20800 40 
20960 47 
21120 49 
21280 38 
21440 39 
21600 38 
21760 39 
21920 39 
22080 50 
22240 48 
22400 43 
22560 39 
22720 39 
22880 39 
23040 41 
23200 48 
23360 50 
23520 47 
23680 42 
