clientJon
160 25 
320 20 
480 5 
640 6 
800 7 
960 7 
1120 8 
1280 7 
1440 6 
1600 7 
1760 6 
1920 10 
2080 7 
2240 11 
2400 10 
2560 8 
2720 7 
2880 10 
3040 8 
3200 9 
3360 11 
3520 12 
3680 13 
3840 11 
4000 12 
4160 9 
4320 9 
4480 9 
4640 11 
4800 10 
4960 10 
5120 11 
5280 11 
5440 15 
5600 16 
5760 15 
5920 16 
6080 15 
6240 11 
6400 12 
6560 12 
6720 13 
6880 11 
7040 14 
7200 14 
7360 18 
7520 19 
7680 19 
7840 20 
8000 13 
8160 15 
8320 13 
8480 15 
8640 16 
8800 20 
8960 22 
9120 24 
9280 25 
9440 22 
9600 18 
9760 19 
9920 17 
10080 20 
10240 23 
10400 25 
10560 26 
10720 27 
10880 20 
11040 20 
11200 20 
11360 20 
11520 19 
11680 21 
11840 24 
12000 25 
12160 30 
12320 29 
12480 25 
12640 21 
12800 23 
12960 24 
13120 24 
13280 28 
13440 30 
13600 34 
13760 37 
13920 27 
14080 26 
14240 28 
14400 26 
14560 30 
14720 33 
14880 38 
15040 38 
15200 29 
15360 27 
15520 27 
15680 27 
15840 28 
16000 32 
16160 36 
16320 42 
16480 45 
16640 33 
16800 36 
16960 33 
17120 33 
17280 37 
17440 40 
17600 49 
17760 41 
17920 36 
18080 34 
18240 34 
18400 35 
18560 37 
18720 41 
18880 51 
19040 46 
19200 37 
19360 37 
19520 36 
19680 37 
19840 43 
20000 47 
20160 58 
20320 50 
20480 43 
20640 41 
20800 38 
20960 43 
21120 52 
21280 51 
21440 67 
21600 40 
21760 42 
21920 40 
22080 47 
22240 56 
22400 68 
22560 55 
22720 44 
22880 42 
23040 44 
23200 40 
23360 52 
23520 53 
23680 59 
