clientJon
160 31 
320 20 
480 7 
640 8 
800 7 
960 7 
1120 8 
1280 9 
1440 7 
1600 6 
1760 6 
1920 7 
2080 12 
2240 14 
2400 15 
2560 15 
2720 15 
2880 13 
3040 11 
3200 11 
3360 11 
3520 12 
3680 11 
3840 13 
4000 14 
4160 18 
4320 18 
4480 19 
4640 15 
4800 14 
4960 14 
5120 13 
5280 14 
5440 17 
5600 18 
5760 21 
5920 21 
6080 19 
6240 15 
6400 16 
6560 16 
6720 18 
6880 19 
7040 24 
7200 23 
7360 24 
7520 18 
7680 17 
7840 17 
8000 19 
8160 21 
8320 24 
8480 25 
8640 30 
8800 20 
8960 23 
9120 18 
9280 20 
9440 18 
9600 23 
9760 22 
9920 27 
10080 29 
10240 26 
10400 21 
10560 21 
10720 19 
10880 22 
11040 31 
11200 38 
11360 48 
11520 32 
11680 34 
11840 32 
12000 31 
12160 40 
12320 40 
12480 34 
12640 33 
12800 33 
12960 37 
13120 43 
13280 44 
13440 35 
13600 35 
13760 33 
13920 37 
14080 45 
14240 43 
14400 36 
14560 34 
14720 34 
14880 43 
15040 48 
15200 43 
15360 36 
15520 37 
15680 37 
15840 39 
16000 48 
16160 51 
16320 39 
16480 40 
16640 39 
16800 39 
16960 47 
17120 53 
17280 46 
17440 40 
17600 40 
17760 40 
17920 44 
18080 50 
18240 64 
18400 43 
18560 41 
18720 42 
18880 39 
19040 52 
19200 54 
19360 47 
19520 42 
19680 42 
19840 43 
20000 54 
20160 51 
20320 49 
20480 49 
20640 46 
20800 47 
20960 62 
21120 65 
21280 50 
21440 52 
21600 48 
21760 51 
21920 66 
22080 68 
22240 53 
22400 55 
22560 58 
22720 53 
22880 70 
23040 79 
23200 52 
23360 57 
23520 61 
23680 53 
