clientJon
160 25 
320 19 
480 6 
640 4 
800 5 
960 5 
1120 5 
1280 7 
1440 7 
1600 7 
1760 6 
1920 7 
2080 6 
2240 9 
2400 8 
2560 8 
2720 8 
2880 10 
3040 13 
3200 13 
3360 12 
3520 10 
3680 11 
3840 10 
4000 11 
4160 9 
4320 12 
4480 14 
4640 13 
4800 16 
4960 17 
5120 16 
5280 16 
5440 13 
5600 13 
5760 13 
5920 13 
6080 15 
6240 15 
6400 17 
6560 20 
6720 20 
6880 20 
7040 14 
7200 15 
7360 14 
7520 15 
7680 18 
7840 17 
8000 21 
8160 23 
8320 25 
8480 17 
8640 16 
8800 18 
8960 16 
9120 19 
9280 20 
9440 23 
9600 24 
9760 26 
9920 20 
10080 20 
10240 19 
10400 19 
10560 18 
10720 19 
10880 22 
11040 23 
11200 27 
11360 30 
11520 25 
11680 22 
11840 20 
12000 21 
12160 22 
12320 22 
12480 25 
12640 28 
12800 31 
12960 32 
13120 24 
13280 21 
13440 22 
13600 22 
13760 23 
13920 26 
14080 28 
14240 32 
14400 33 
14560 29 
14720 23 
14880 24 
15040 24 
15200 26 
15360 29 
15520 30 
15680 34 
15840 36 
16000 30 
16160 27 
16320 26 
16480 28 
16640 28 
16800 28 
16960 33 
17120 33 
17280 42 
17440 36 
17600 30 
17760 28 
17920 28 
18080 28 
18240 32 
18400 33 
18560 34 
18720 40 
18880 31 
19040 31 
19200 31 
19360 32 
19520 31 
19680 36 
19840 36 
20000 42 
20160 48 
20320 33 
20480 33 
20640 31 
20800 32 
20960 37 
21120 37 
21280 40 
21440 50 
21600 44 
21760 34 
21920 34 
22080 32 
22240 35 
22400 44 
22560 39 
22720 48 
22880 49 
23040 36 
23200 34 
23360 48 
23520 35 
23680 36 
23840 34 
