clientJon
160 31 
320 18 
480 5 
640 4 
800 6 
960 7 
1120 8 
1280 5 
1440 6 
1600 7 
1760 7 
1920 7 
2080 9 
2240 9 
2400 10 
2560 9 
2720 7 
2880 9 
3040 9 
3200 8 
3360 12 
3520 12 
3680 12 
3840 24 
4000 11 
4160 11 
4320 9 
4480 10 
4640 9 
4800 13 
4960 10 
5120 11 
5280 13 
5440 14 
5600 17 
5760 16 
5920 18 
6080 16 
6240 12 
6400 14 
6560 16 
6720 15 
6880 19 
7040 18 
7200 23 
7360 23 
7520 20 
7680 17 
7840 16 
8000 18 
8160 17 
8320 21 
8480 22 
8640 24 
8800 24 
8960 18 
9120 18 
9280 18 
9440 19 
9600 21 
9760 23 
9920 28 
10080 28 
10240 21 
10400 20 
10560 20 
10720 20 
10880 19 
11040 22 
11200 23 
11360 26 
11520 33 
11680 29 
11840 22 
12000 22 
12160 19 
12320 23 
12480 22 
12640 26 
12800 29 
12960 33 
13120 35 
13280 28 
13440 29 
13600 28 
13760 29 
13920 34 
14080 38 
14240 42 
14400 30 
14560 29 
14720 30 
14880 30 
15040 30 
15200 34 
15360 38 
15520 41 
15680 34 
15840 30 
16000 31 
16160 29 
16320 30 
16480 35 
16640 37 
16800 47 
16960 38 
17120 31 
17280 31 
17440 31 
17600 33 
17760 37 
17920 40 
18080 52 
18240 37 
18400 31 
18560 32 
18720 33 
18880 34 
19040 36 
19200 41 
19360 48 
19520 37 
19680 37 
19840 39 
20000 35 
20160 34 
20320 42 
20480 46 
20640 52 
20800 42 
20960 37 
21120 39 
21280 37 
21440 37 
21600 43 
21760 55 
21920 57 
22080 46 
22240 39 
22400 38 
22560 38 
22720 40 
22880 49 
23040 49 
23200 56 
23360 42 
23520 39 
23680 41 
23840 39 
