clientJon
160 38 
320 17 
480 7 
640 5 
800 6 
960 6 
1120 7 
1280 6 
1440 6 
1600 6 
1760 8 
1920 8 
2080 9 
2240 12 
2400 12 
2560 7 
2720 8 
2880 8 
3040 9 
3200 9 
3360 10 
3520 9 
3680 11 
3840 11 
4000 17 
4160 20 
4320 21 
4480 14 
4640 15 
4800 15 
4960 16 
5120 15 
5280 20 
5440 22 
5600 21 
5760 20 
5920 17 
6080 16 
6240 17 
6400 18 
6560 20 
6720 24 
6880 24 
7040 22 
7200 17 
7360 20 
7520 17 
7680 21 
7840 21 
8000 25 
8160 30 
8320 19 
8480 19 
8640 20 
8800 20 
8960 20 
9120 23 
9280 26 
9440 30 
9600 33 
9760 23 
9920 22 
10080 21 
10240 26 
10400 28 
10560 30 
10720 35 
10880 38 
11040 26 
11200 29 
11360 27 
11520 28 
11680 27 
11840 33 
12000 36 
12160 42 
12320 29 
12480 28 
12640 29 
12800 28 
12960 30 
13120 34 
13280 40 
13440 43 
13600 34 
13760 29 
13920 29 
14080 29 
14240 31 
14400 34 
14560 45 
14720 41 
14880 32 
15040 32 
15200 30 
15360 30 
15520 37 
15680 41 
15840 52 
16000 36 
16160 31 
16320 33 
16480 33 
16640 37 
16800 40 
16960 50 
17120 48 
17280 34 
17440 35 
17600 35 
17760 34 
17920 44 
18080 46 
18240 42 
18400 35 
18560 35 
18720 36 
18880 40 
19040 42 
19200 51 
19360 51 
19520 37 
19680 37 
19840 37 
20000 36 
20160 42 
20320 45 
20480 60 
20640 65 
20800 37 
20960 39 
21120 39 
21280 48 
21440 51 
21600 41 
21760 43 
21920 39 
22080 37 
22240 44 
22400 45 
22560 54 
22720 57 
22880 40 
23040 40 
23200 41 
23360 45 
23520 49 
23680 51 
