clientJon
160 38 
320 17 
480 7 
640 5 
800 6 
960 6 
1120 8 
1280 6 
1440 8 
1600 5 
1760 6 
1920 8 
2080 22 
2240 23 
2400 22 
2560 22 
2720 27 
2880 30 
3040 22 
3200 24 
3360 23 
3520 26 
3680 26 
3840 24 
4000 23 
4160 27 
4320 32 
4480 30 
4640 27 
4800 24 
4960 25 
5120 34 
5280 37 
5440 26 
5600 27 
5760 26 
5920 20 
6080 33 
6240 17 
6400 37 
6560 32 
6720 28 
6880 29 
7040 31 
7200 38 
7360 34 
7520 30 
7680 29 
7840 29 
8000 33 
8160 40 
8320 38 
8480 31 
8640 31 
8800 31 
8960 36 
9120 41 
9280 41 
9440 32 
9600 33 
9760 35 
9920 38 
10080 44 
10240 40 
10400 34 
10560 35 
10720 38 
10880 45 
11040 43 
11200 34 
11360 37 
11520 37 
11680 47 
11840 48 
12000 38 
12160 38 
12320 37 
12480 44 
12640 45 
12800 38 
12960 47 
13120 37 
13280 46 
13440 43 
13600 47 
13760 51 
13920 41 
14080 39 
14240 39 
14400 40 
14560 45 
14720 54 
14880 42 
15040 43 
15200 40 
15360 44 
15520 34 
15680 52 
15840 51 
16000 45 
16160 45 
16320 40 
16480 46 
16640 55 
16800 47 
16960 44 
17120 40 
17280 42 
17440 55 
17600 58 
17760 55 
17920 45 
18080 44 
18240 44 
18400 51 
18560 58 
18720 45 
18880 46 
19040 46 
19200 42 
19360 51 
19520 63 
19680 54 
19840 48 
20000 48 
20160 50 
20320 62 
20480 69 
20640 51 
20800 49 
20960 48 
21120 58 
21280 61 
21440 63 
21600 54 
21760 50 
21920 47 
22080 62 
22240 64 
22400 52 
22560 54 
22720 59 
22880 48 
23040 65 
23200 71 
23360 52 
23520 50 
23680 53 
23840 57 
24000 75 
24160 70 
24320 59 
24480 52 
