clientJon
160 38 
320 17 
480 6 
640 4 
800 5 
960 6 
1120 6 
1280 6 
1440 5 
1600 5 
1760 5 
1920 4 
2080 9 
2240 10 
2400 13 
2560 13 
2720 10 
2880 10 
3040 10 
3200 10 
3360 11 
3520 12 
3680 12 
3840 15 
4000 15 
4160 16 
4320 16 
4480 13 
4640 13 
4800 11 
4960 13 
5120 12 
5280 14 
5440 15 
5600 19 
5760 18 
5920 18 
6080 16 
6240 14 
6400 15 
6560 12 
6720 14 
6880 16 
7040 17 
7200 20 
7360 23 
7520 20 
7680 14 
7840 16 
8000 16 
8160 15 
8320 17 
8480 20 
8640 21 
8800 24 
8960 23 
9120 18 
9280 17 
9440 18 
9600 20 
9760 20 
9920 22 
10080 26 
10240 28 
10400 24 
10560 20 
10720 19 
10880 20 
11040 20 
11200 23 
11360 24 
11520 25 
11680 29 
11840 28 
12000 24 
12160 23 
12320 21 
12480 22 
12640 22 
12800 25 
12960 28 
13120 36 
13280 34 
13440 28 
13600 23 
13760 24 
13920 23 
14080 24 
14240 27 
14400 29 
14560 32 
14720 30 
14880 27 
15040 25 
15200 25 
15360 26 
15520 29 
15680 31 
15840 37 
16000 37 
16160 27 
16320 28 
16480 27 
16640 27 
16800 27 
16960 30 
17120 34 
17280 36 
17440 37 
17600 34 
17760 29 
17920 31 
18080 32 
18240 31 
18400 38 
18560 37 
18720 46 
18880 44 
19040 37 
19200 35 
19360 34 
19520 32 
19680 36 
19840 43 
20000 43 
20160 40 
20320 37 
20480 36 
20640 35 
20800 34 
20960 43 
21120 43 
21280 57 
21440 46 
21600 36 
21760 38 
21920 40 
22080 47 
22240 46 
22400 45 
22560 70 
22720 40 
22880 39 
23040 39 
23200 36 
23360 42 
23520 49 
23680 52 
