clientJon
160 31 
320 19 
480 18 
640 16 
800 18 
960 14 
1120 16 
1280 16 
1440 19 
1600 17 
1760 14 
1920 14 
2080 15 
2240 19 
2400 21 
2560 19 
2720 17 
2880 16 
3040 15 
3200 15 
3360 17 
3520 19 
3680 20 
3840 22 
4000 18 
4160 16 
4320 16 
4480 16 
4640 19 
4800 21 
4960 25 
5120 24 
5280 18 
5440 19 
5600 18 
5760 21 
5920 21 
6080 26 
6240 27 
6400 27 
6560 38 
6720 39 
6880 49 
7040 45 
7200 42 
7360 41 
7520 43 
7680 53 
7840 44 
8000 42 
8160 43 
8320 51 
8480 53 
8640 43 
8800 42 
8960 44 
9120 51 
9280 55 
9440 42 
9600 42 
9760 43 
9920 56 
10080 48 
10240 29 
10400 44 
10560 46 
10720 61 
10880 51 
11040 44 
11200 45 
11360 47 
11520 59 
11680 53 
11840 45 
12000 48 
12160 49 
12320 56 
12480 51 
12640 46 
12800 47 
12960 46 
13120 57 
13280 53 
13440 49 
13600 45 
13760 49 
13920 54 
14080 64 
14240 53 
14400 48 
14560 49 
14720 46 
14880 63 
15040 65 
15200 51 
15360 53 
15520 53 
15680 52 
15840 69 
16000 67 
16160 52 
16320 53 
16480 49 
16640 61 
16800 66 
16960 54 
17120 53 
17280 54 
17440 59 
17600 65 
17760 56 
17920 54 
18080 55 
18240 62 
18400 72 
18560 50 
18720 57 
18880 61 
19040 57 
19200 65 
19360 78 
19520 55 
19680 54 
19840 33 
20000 55 
20160 60 
20320 76 
20480 79 
20640 63 
20800 56 
20960 53 
21120 63 
21280 80 
21440 79 
21600 62 
21760 65 
21920 64 
22080 71 
22240 71 
22400 67 
22560 67 
22720 64 
22880 53 
23040 60 
23200 87 
23360 63 
23520 68 
23680 64 
23840 63 
24000 78 
