clientJon
160 31 
320 19 
480 6 
640 5 
800 7 
960 7 
1120 6 
1280 6 
1440 5 
1600 6 
1760 5 
1920 6 
2080 15 
2240 7 
2400 8 
2560 9 
2720 8 
2880 8 
3040 7 
3200 5 
3360 7 
3520 7 
3680 8 
3840 8 
4000 9 
4160 11 
4320 12 
4480 13 
4640 13 
4800 11 
4960 10 
5120 9 
5280 8 
5440 10 
5600 9 
5760 10 
5920 9 
6080 12 
6240 12 
6400 13 
6560 15 
6720 17 
6880 15 
7040 11 
7200 12 
7360 10 
7520 12 
7680 12 
7840 10 
8000 14 
8160 14 
8320 14 
8480 18 
8640 17 
8800 20 
8960 18 
9120 14 
9280 15 
9440 14 
9600 14 
9760 16 
9920 16 
10080 16 
10240 19 
10400 22 
10560 21 
10720 21 
10880 16 
11040 15 
11200 17 
11360 16 
11520 19 
11680 18 
11840 20 
12000 20 
12160 24 
12320 25 
12480 23 
12640 19 
12800 18 
12960 17 
13120 19 
13280 18 
13440 19 
13600 20 
13760 23 
13920 22 
14080 27 
14240 26 
14400 27 
14560 20 
14720 19 
14880 20 
15040 20 
15200 19 
15360 23 
15520 24 
15680 24 
15840 28 
16000 31 
16160 28 
16320 21 
16480 22 
16640 24 
16800 21 
16960 21 
17120 24 
17280 25 
17440 27 
17600 32 
17760 32 
17920 24 
18080 23 
18240 23 
18400 24 
18560 21 
18720 25 
18880 28 
19040 28 
19200 32 
19360 35 
19520 24 
19680 24 
19840 24 
20000 24 
20160 25 
20320 28 
20480 30 
20640 30 
20800 38 
20960 43 
21120 28 
21280 27 
21440 26 
21600 27 
21760 31 
21920 32 
22080 31 
22240 36 
22400 40 
22560 34 
22720 29 
22880 28 
23040 27 
23200 28 
23360 28 
23520 30 
23680 33 
23840 34 
