clientJon
160 25 
320 20 
480 6 
640 6 
800 6 
960 8 
1120 9 
1280 8 
1440 10 
1600 5 
1760 11 
1920 17 
2080 18 
2240 21 
2400 19 
2560 16 
2720 15 
2880 15 
3040 16 
3200 19 
3360 20 
3520 22 
3680 17 
3840 16 
4000 16 
4160 16 
4320 19 
4480 23 
4640 19 
4800 17 
4960 17 
5120 17 
5280 22 
5440 24 
5600 26 
5760 23 
5920 18 
6080 20 
6240 19 
6400 23 
6560 26 
6720 26 
6880 22 
7040 21 
7200 19 
7360 19 
7520 20 
7680 24 
7840 27 
8000 27 
8160 26 
8320 22 
8480 21 
8640 22 
8800 22 
8960 24 
9120 28 
9280 27 
9440 24 
9600 22 
9760 23 
9920 25 
10080 27 
10240 35 
10400 32 
10560 28 
10720 24 
10880 27 
11040 24 
11200 29 
11360 32 
11520 37 
11680 36 
11840 26 
12000 27 
12160 27 
12320 28 
12480 29 
12640 33 
12800 36 
12960 41 
13120 33 
13280 30 
13440 30 
13600 28 
13760 31 
13920 35 
14080 41 
14240 46 
14400 33 
14560 31 
14720 31 
14880 31 
15040 36 
15200 37 
15360 44 
15520 46 
15680 34 
15840 34 
16000 33 
16160 35 
16320 41 
16480 47 
16640 50 
16800 36 
16960 35 
17120 36 
17280 34 
17440 36 
17600 44 
17760 51 
17920 49 
18080 36 
18240 37 
18400 35 
18560 35 
18720 40 
18880 42 
19040 60 
19200 53 
19360 43 
19520 36 
19680 37 
19840 38 
20000 42 
20160 43 
20320 64 
20480 53 
20640 40 
20800 41 
20960 40 
21120 39 
21280 53 
21440 53 
21600 56 
21760 50 
21920 40 
22080 40 
22240 42 
22400 45 
22560 48 
22720 70 
22880 43 
23040 45 
23200 41 
23360 40 
23520 46 
23680 77 
