clientJon
160 38 
320 17 
480 6 
640 4 
800 5 
960 5 
1120 7 
1280 5 
1440 5 
1600 5 
1760 3 
1920 5 
2080 7 
2240 8 
2400 6 
2560 8 
2720 17 
2880 18 
3040 19 
3200 18 
3360 21 
3520 26 
3680 22 
3840 23 
4000 22 
4160 21 
4320 25 
4480 30 
4640 23 
4800 24 
4960 23 
5120 27 
5280 28 
5440 28 
5600 26 
5760 23 
5920 25 
6080 30 
6240 35 
6400 27 
6560 26 
6720 27 
6880 28 
7040 32 
7200 38 
7360 26 
7520 28 
7680 26 
7840 25 
8000 30 
8160 35 
8320 35 
8480 29 
8640 29 
8800 28 
8960 29 
9120 34 
9280 40 
9440 35 
9600 29 
9760 29 
9920 30 
10080 31 
10240 37 
10400 40 
10560 31 
10720 31 
10880 30 
11040 30 
11200 37 
11360 44 
11520 35 
11680 34 
11840 32 
12000 31 
12160 39 
12320 41 
12480 45 
12640 33 
12800 33 
12960 32 
13120 35 
13280 41 
13440 48 
13600 37 
13760 36 
13920 36 
14080 33 
14240 36 
14400 42 
14560 48 
14720 42 
14880 37 
15040 37 
15200 36 
15360 38 
15520 41 
15680 49 
15840 41 
16000 42 
16160 38 
16320 40 
16480 41 
16640 46 
16800 56 
16960 50 
17120 40 
17280 42 
17440 40 
17600 45 
17760 48 
17920 56 
18080 43 
18240 39 
18400 39 
18560 41 
18720 50 
18880 53 
19040 53 
19200 42 
19360 42 
19520 40 
19680 51 
19840 52 
20000 68 
20160 45 
20320 44 
20480 43 
20640 42 
20800 51 
20960 55 
21120 52 
21280 45 
21440 44 
21600 45 
21760 52 
21920 52 
22080 52 
22240 47 
22400 43 
22560 44 
22720 46 
22880 59 
23040 93 
23200 49 
23360 48 
23520 47 
23680 53 
