clientJon
160 31 
320 19 
480 6 
640 6 
800 7 
960 6 
1120 8 
1280 6 
1440 6 
1600 5 
1760 7 
1920 8 
2080 7 
2240 9 
2400 11 
2560 8 
2720 8 
2880 11 
3040 10 
3200 11 
3360 13 
3520 12 
3680 14 
3840 12 
4000 10 
4160 9 
4320 10 
4480 11 
4640 9 
4800 10 
4960 13 
5120 12 
5280 13 
5440 15 
5600 16 
5760 18 
5920 13 
6080 13 
6240 13 
6400 14 
6560 13 
6720 16 
6880 16 
7040 21 
7200 21 
7360 23 
7520 15 
7680 17 
7840 17 
8000 16 
8160 19 
8320 23 
8480 26 
8640 27 
8800 22 
8960 19 
9120 19 
9280 19 
9440 19 
9600 20 
9760 23 
9920 22 
10080 29 
10240 29 
10400 21 
10560 22 
10720 20 
10880 21 
11040 20 
11200 23 
11360 24 
11520 29 
11680 33 
11840 29 
12000 22 
12160 22 
12320 21 
12480 24 
12640 23 
12800 27 
12960 26 
13120 35 
13280 32 
13440 27 
13600 24 
13760 24 
13920 24 
14080 25 
14240 27 
14400 29 
14560 38 
14720 34 
14880 28 
15040 26 
15200 26 
15360 24 
15520 27 
15680 32 
15840 30 
16000 40 
16160 35 
16320 27 
16480 27 
16640 27 
16800 29 
16960 29 
17120 32 
17280 36 
17440 38 
17600 43 
17760 31 
17920 28 
18080 31 
18240 30 
18400 30 
18560 34 
18720 34 
18880 42 
19040 38 
19200 32 
19360 31 
19520 29 
19680 29 
19840 35 
20000 38 
20160 42 
20320 46 
20480 37 
20640 34 
20800 32 
20960 32 
21120 34 
21280 38 
21440 40 
21600 53 
21760 50 
21920 37 
22080 33 
22240 34 
22400 33 
22560 33 
22720 37 
22880 39 
23040 44 
23200 52 
23360 42 
23520 38 
23680 34 
