balancer
40 20 
80 12 
120 13 
160 13 
200 16 
240 16 
280 13 
320 14 
360 15 
400 16 
440 16 
480 19 
520 19 
560 21 
600 18 
640 17 
680 18 
720 20 
760 23 
800 20 
840 20 
880 22 
920 21 
960 24 
1000 24 
1040 25 
1080 23 
1120 24 
1160 24 
1200 26 
1240 28 
1280 32 
1320 28 
1360 33 
1400 32 
1440 37 
1480 37 
1520 37 
1560 36 
1600 35 
1640 38 
1680 40 
1720 41 
1760 36 
1800 40 
1840 39 
1880 44 
1920 47 
1960 42 
2000 41 
2040 42 
2080 45 
2120 48 
2160 45 
2200 43 
2240 48 
2280 46 
2320 49 
2360 46 
