balancer
40 16 
80 10 
120 10 
160 9 
200 10 
240 10 
280 12 
320 12 
360 10 
400 12 
440 13 
480 14 
520 14 
560 15 
600 14 
640 16 
680 15 
720 16 
760 14 
800 13 
840 13 
880 14 
920 16 
960 17 
1000 19 
1040 14 
1080 15 
1120 17 
1160 19 
1200 16 
1240 19 
1280 22 
1320 23 
1360 22 
1400 20 
1440 20 
1480 21 
1520 22 
1560 24 
1600 24 
1640 26 
1680 25 
1720 24 
1760 24 
1800 23 
1840 27 
1880 26 
1920 31 
1960 30 
2000 25 
2040 27 
2080 27 
2120 30 
2160 42 
2200 46 
2240 46 
2280 42 
2320 44 
2360 45 
