worker
40 13 
80 22 
120 7 
160 11 
200 9 
240 11 
280 9 
320 15 
360 11 
400 10 
440 11 
480 10 
520 17 
560 16 
600 11 
640 14 
680 11 
720 14 
760 12 
800 17 
840 16 
880 19 
920 17 
960 20 
1000 20 
1040 20 
1080 18 
1120 18 
1160 22 
1200 18 
1240 19 
1280 21 
1320 23 
1360 26 
1400 26 
1440 30 
1480 33 
1520 23 
1560 25 
1600 22 
1640 26 
1680 25 
1720 31 
1760 30 
1800 31 
1840 32 
1880 35 
1920 38 
1960 43 
2000 35 
2040 36 
2080 30 
2120 34 
2160 34 
2200 32 
2240 37 
2280 39 
2320 40 
2360 39 
2400 43 
