worker
40 13 
80 18 
120 10 
160 9 
200 10 
240 9 
280 14 
320 12 
360 12 
400 10 
440 14 
480 18 
520 17 
560 16 
600 19 
640 15 
680 20 
720 17 
760 23 
800 21 
840 24 
880 21 
920 25 
960 19 
1000 21 
1040 22 
1080 20 
1120 25 
1160 20 
1200 31 
1240 28 
1280 31 
1320 33 
1360 26 
1400 35 
1440 34 
1480 35 
1520 40 
1560 42 
1600 43 
1640 42 
1680 46 
1720 47 
1760 40 
1800 38 
1840 39 
1880 39 
1920 45 
1960 43 
2000 48 
2040 51 
2080 51 
2120 49 
2160 48 
2200 58 
2240 62 
2280 58 
2320 58 
2360 61 
2400 69 
