nodeserverSocket
40 82 
80 17 
120 2 
160 5 
200 5 
240 5 
280 7 
320 6 
360 8 
400 8 
440 8 
480 9 
520 10 
560 10 
600 9 
640 11 
680 11 
720 12 
760 12 
800 13 
840 13 
880 15 
920 15 
960 14 
1000 15 
1040 15 
1080 16 
1120 16 
1160 18 
1200 17 
1240 18 
1280 18 
1320 21 
1360 21 
1400 21 
1440 22 
1480 21 
1520 23 
1560 26 
1600 24 
1640 26 
1680 26 
1720 26 
1760 28 
1800 28 
1840 26 
1880 27 
1920 27 
1960 28 
2000 30 
2040 28 
2080 31 
2120 32 
2160 31 
2200 36 
2240 39 
2280 39 
2320 39 
2360 39 
2400 39 
2440 41 
2480 42 
2520 41 
2560 42 
2600 48 
2640 42 
2680 43 
2720 43 
2760 46 
2800 49 
2840 52 
2880 53 
2920 51 
2960 54 
3000 56 
3040 61 
3080 56 
3120 53 
3160 56 
3200 66 
