11429 
11432 
11433 
11433 
11432 
11429 
11433 
11432 
11429 
11433 
11432 
11429 
11433 
11432 
11429 
11433 
11432 
11429 
11433 
11432 
11429 
11432 
11433 
11429 
11432 
11433 
11429 
11433 
11432 
11429 
11433 
11432 
11429 
11433 
11432 
11429 
11433 
11432 
11429 
11433 
11432 
11429 
11432 
11433 
11429 
11433 
11432 
11429 
11433 
11432 
11429 
11433 
11432 
11429 
11433 
11432 
11429 
11432 
11433 
11429 
11432 
11433 
11429 
11432 
11433 
11429 
11433 
11432 
11429 
11432 
11433 
11429 
11432 
11433 
11429 
11432 
11433 
11429 
11432 
11433 
11429 
11432 
11433 
11429 
11432 
11433 
11429 
11432 
11433 
11429 
11432 
11433 
11429 
11432 
11433 
11429 
11433 
11432 
11429 
11432 
11433 
11429 
11432 
11433 
11429 
11432 
11433 
11429 
11432 
11433 
11429 
11433 
11432 
11429 
11432 
11433 
11429 
11432 
11433 
11429 
11432 
11433 
11429 
11432 
11433 
11429 
11432 
11433 
11429 
11432 
11433 
11429 
11432 
11433 
11429 
11432 
11433 
11429 
11433 
11432 
11429 
11433 
11432 
11429 
11432 
11433 
11429 
11432 
11433 
11429 
11432 
11433 
11429 
11432 
11433 
11429 
11432 
11433 
11429 
11432 
11433 
11429 
11432 
11433 
11429 
11432 
11433 
11429 
11432 
11433 
11429 
11432 
11433 
11429 
11432 
11433 
11429 
11432 
11433 
11429 
