balancer
40 20 
80 14 
120 10 
160 13 
200 13 
240 14 
280 14 
320 16 
360 11 
400 16 
440 15 
480 17 
520 18 
560 15 
600 16 
640 16 
680 19 
720 20 
760 18 
800 19 
840 18 
880 21 
920 19 
960 23 
1000 21 
1040 24 
1080 21 
1120 23 
1160 23 
1200 25 
1240 27 
1280 26 
1320 27 
1360 24 
1400 24 
1440 26 
1480 29 
1520 33 
1560 26 
1600 25 
1640 30 
1680 27 
1720 30 
1760 32 
1800 34 
1840 27 
1880 28 
1920 28 
1960 30 
2000 32 
2040 34 
2080 36 
2120 31 
2160 37 
2200 35 
2240 34 
2280 37 
2320 36 
2360 34 
