balancer
40 18 
80 11 
120 12 
160 12 
200 13 
240 13 
280 19 
320 14 
360 15 
400 18 
440 20 
480 15 
520 17 
560 18 
600 22 
640 21 
680 19 
720 24 
760 25 
800 27 
840 24 
880 26 
920 24 
960 26 
1000 27 
1040 30 
1080 24 
1120 26 
1160 27 
1200 31 
1240 30 
1280 33 
1320 32 
1360 30 
1400 28 
1440 31 
1480 34 
1520 37 
1560 29 
1600 30 
1640 37 
1680 34 
1720 35 
1760 40 
1800 34 
1840 32 
1880 33 
1920 40 
1960 40 
2000 41 
2040 38 
2080 38 
2120 40 
2160 51 
2200 46 
2240 41 
2280 40 
2320 43 
2360 45 
