worker
40 13 
80 23 
120 17 
160 12 
200 12 
240 17 
280 22 
320 16 
360 18 
400 17 
440 23 
480 19 
520 26 
560 17 
600 17 
640 18 
680 18 
720 18 
760 23 
800 28 
840 30 
880 30 
920 29 
960 30 
1000 29 
1040 25 
1080 25 
1120 26 
1160 26 
1200 27 
1240 31 
1280 37 
1320 33 
1360 32 
1400 40 
1440 35 
1480 31 
1520 31 
1560 31 
1600 30 
1640 32 
1680 37 
1720 36 
1760 37 
1800 44 
1840 38 
1880 40 
1920 40 
1960 35 
2000 38 
2040 36 
2080 39 
2120 38 
2160 38 
2200 49 
2240 40 
2280 50 
2320 50 
2360 48 
2400 53 
