worker
40 13 
80 21 
120 6 
160 10 
200 11 
240 10 
280 10 
320 17 
360 13 
400 13 
440 12 
480 19 
520 13 
560 15 
600 16 
640 14 
680 20 
720 22 
760 21 
800 25 
840 29 
880 24 
920 27 
960 23 
1000 22 
1040 23 
1080 24 
1120 25 
1160 28 
1200 29 
1240 29 
1280 30 
1320 35 
1360 41 
1400 31 
1440 26 
1480 26 
1520 29 
1560 32 
1600 28 
1640 32 
1680 35 
1720 35 
1760 34 
1800 34 
1840 38 
1880 37 
1920 33 
1960 37 
2000 37 
2040 34 
2080 38 
2120 37 
2160 44 
2200 43 
2240 44 
2280 52 
2320 48 
2360 49 
2400 47 
