10526 
10529 
10530 
10529 
10530 
10526 
10530 
10529 
10526 
10529 
10530 
10526 
10529 
10530 
10526 
10529 
10530 
10526 
10529 
10530 
10526 
10529 
10530 
10526 
10530 
10529 
10526 
10530 
10529 
10526 
10529 
10530 
10526 
10529 
10530 
10526 
10529 
10530 
10526 
10529 
10530 
10526 
10529 
10530 
10526 
10530 
10529 
10526 
10529 
10530 
10526 
10529 
10530 
10526 
10529 
10530 
10526 
10529 
10530 
10526 
10529 
10530 
10526 
10529 
10530 
10526 
10530 
10529 
10526 
10530 
10529 
10526 
10530 
10529 
10526 
10530 
10529 
10526 
10530 
10529 
10526 
10530 
10529 
10526 
10530 
10529 
10526 
10530 
10529 
10526 
10530 
10529 
10526 
10530 
10529 
10526 
10530 
10529 
10526 
10530 
10529 
10526 
10530 
10529 
10526 
10530 
10529 
10526 
10530 
10529 
10526 
10530 
10529 
10526 
10530 
10529 
10526 
10530 
10529 
10526 
10529 
10530 
10526 
10529 
10530 
10526 
10530 
10529 
10526 
10530 
10529 
10526 
10530 
10529 
10526 
10530 
10529 
10526 
10529 
10530 
10526 
10529 
10530 
10526 
10530 
10529 
10526 
10530 
10529 
10526 
10530 
10529 
10526 
10530 
10529 
10526 
10529 
10530 
10526 
10530 
10529 
10526 
10529 
10530 
10526 
10530 
10529 
10526 
10530 
10529 
10526 
10529 
10530 
10526 
10530 
10529 
10526 
10530 
10529 
10526 
