balancer
15 13 
30 9 
45 8 
60 7 
75 10 
90 8 
105 9 
120 10 
135 10 
150 13 
165 10 
180 10 
195 10 
210 9 
225 10 
240 11 
255 13 
270 13 
285 10 
300 12 
315 11 
330 14 
345 14 
360 18 
375 13 
390 13 
405 13 
420 15 
435 16 
450 16 
465 20 
480 14 
495 15 
510 16 
525 14 
540 15 
555 16 
570 18 
585 18 
600 22 
615 17 
630 18 
645 18 
660 19 
675 17 
690 19 
705 20 
720 21 
735 22 
750 20 
765 20 
780 19 
795 20 
810 20 
825 22 
840 22 
855 24 
870 24 
885 22 
900 21 
915 22 
930 20 
945 23 
960 24 
975 26 
990 28 
1005 24 
1020 26 
1035 24 
1050 24 
1065 27 
1080 27 
1095 28 
1110 30 
1125 27 
1140 26 
1155 25 
1170 28 
1185 29 
1200 33 
1215 36 
1230 36 
1245 37 
1260 36 
1275 40 
1290 41 
1305 43 
1320 40 
1335 39 
1350 39 
1365 39 
1380 42 
1395 44 
1410 44 
1425 42 
1440 40 
1455 42 
1470 43 
1485 46 
1500 48 
1515 43 
1530 42 
1545 44 
1560 47 
1575 48 
1590 47 
1605 45 
1620 43 
1635 43 
1650 46 
1665 49 
1680 49 
1695 47 
1710 48 
1725 47 
1740 48 
1755 54 
1770 55 
1785 55 
