store
15 32 
30 2 
45 3 
60 1 
75 2 
90 2 
105 2 
120 1 
135 1 
150 2 
165 2 
180 1 
195 1 
210 2 
225 1 
240 2 
255 1 
270 2 
285 1 
300 2 
315 1 
330 3 
345 1 
360 1 
375 1 
390 3 
405 1 
420 1 
435 1 
450 3 
465 1 
480 1 
495 2 
510 2 
525 1 
540 2 
555 1 
570 2 
585 2 
600 1 
615 2 
630 2 
645 1 
660 2 
675 1 
690 2 
705 2 
720 1 
735 2 
750 2 
765 1 
780 2 
795 1 
810 2 
825 1 
840 3 
855 1 
870 1 
885 2 
900 1 
915 1 
930 2 
945 2 
960 1 
975 1 
990 1 
1005 3 
1020 1 
1035 1 
1050 1 
1065 1 
1080 2 
1095 2 
1110 1 
1125 1 
1140 2 
1155 1 
1170 2 
1185 1 
1200 2 
1215 1 
1230 2 
1245 2 
1260 2 
1275 1 
1290 1 
1305 3 
1320 1 
1335 1 
1350 2 
1365 1 
1380 3 
1395 1 
1410 2 
1425 1 
1440 3 
1455 1 
1470 2 
1485 1 
1500 2 
1515 2 
1530 1 
1545 2 
1560 2 
1575 2 
1590 1 
1605 2 
1620 2 
1635 1 
1650 2 
1665 1 
1680 3 
1695 2 
1710 1 
1725 2 
1740 1 
1755 3 
1770 1 
1785 2 
1800 1 
