worker
15 13 
30 18 
45 7 
60 7 
75 8 
90 8 
105 8 
120 8 
135 10 
150 10 
165 11 
180 10 
195 10 
210 9 
225 9 
240 10 
255 10 
270 12 
285 14 
300 14 
315 15 
330 15 
345 12 
360 12 
375 12 
390 11 
405 14 
420 12 
435 13 
450 15 
465 15 
480 18 
495 19 
510 19 
525 20 
540 18 
555 15 
570 15 
585 16 
600 17 
615 16 
630 16 
645 16 
660 20 
675 20 
690 22 
705 25 
720 25 
735 24 
750 19 
765 19 
780 19 
795 19 
810 19 
825 19 
840 23 
855 24 
870 25 
885 30 
900 29 
915 27 
930 22 
945 22 
960 22 
975 22 
990 22 
1005 24 
1020 24 
1035 28 
1050 29 
1065 34 
1080 34 
1095 28 
1110 26 
1125 25 
1140 26 
1155 25 
1170 27 
1185 27 
1200 29 
1215 35 
1230 38 
1245 48 
1260 42 
1275 39 
1290 37 
1305 38 
1320 38 
1335 39 
1350 46 
1365 52 
1380 49 
1395 42 
1410 41 
1425 40 
1440 40 
1455 40 
1470 44 
1485 49 
1500 56 
1515 48 
1530 43 
1545 43 
1560 44 
1575 42 
1590 44 
1605 46 
1620 53 
1635 58 
1650 46 
1665 47 
1680 45 
1695 44 
1710 44 
1725 46 
1740 55 
1755 60 
1770 68 
1785 53 
1800 50 
