12043 
12046 
12047 
12047 
12046 
12043 
12047 
12046 
12043 
12047 
12046 
12043 
12046 
12047 
12043 
12047 
12046 
12043 
12046 
12047 
12043 
12046 
12047 
12043 
12046 
12047 
12043 
12046 
12047 
12043 
12046 
12047 
12043 
12046 
12047 
12043 
12046 
12047 
12043 
12046 
12047 
12043 
12046 
12047 
12043 
12046 
12047 
12043 
12046 
12047 
12043 
12046 
12047 
12043 
12046 
12047 
12043 
12046 
12047 
12043 
12047 
12046 
12043 
12046 
12047 
12043 
12046 
12047 
12043 
12046 
12047 
12043 
12046 
12047 
12043 
12047 
12046 
12043 
12047 
12046 
12043 
12046 
12047 
12043 
12046 
12047 
12043 
12046 
12047 
12043 
12047 
12046 
12043 
12047 
12046 
12043 
12046 
12047 
12043 
12046 
12047 
12043 
12046 
12047 
12043 
12046 
12047 
12043 
12047 
12046 
12043 
12046 
12047 
12043 
12046 
12047 
12043 
12046 
12047 
12043 
12047 
12046 
12043 
12046 
12047 
12043 
12046 
12047 
12043 
12046 
12047 
12043 
12046 
12047 
12043 
12046 
12047 
12043 
12047 
12046 
12043 
12046 
12047 
12043 
12046 
12047 
12043 
12046 
12047 
12043 
12046 
12047 
12043 
12047 
12046 
12043 
12046 
12047 
12043 
12046 
12047 
12043 
12047 
12046 
12043 
12047 
12046 
12043 
12046 
12047 
12043 
12046 
12047 
12043 
12047 
12046 
12043 
12047 
12046 
12043 
