clientJon
40 26 
80 17 
120 10 
160 12 
200 13 
240 13 
280 18 
320 25 
360 24 
400 30 
440 25 
480 23 
520 24 
560 32 
600 31 
640 23 
680 27 
720 34 
760 36 
800 25 
840 28 
880 31 
920 31 
960 27 
1000 33 
1040 40 
1080 35 
1120 30 
1160 38 
1200 48 
1240 35 
1280 32 
1320 36 
1360 44 
1400 35 
1440 34 
1480 42 
1520 50 
1560 39 
1600 41 
1640 49 
1680 53 
1720 40 
1760 43 
1800 52 
1840 51 
1880 41 
1920 48 
1960 57 
2000 56 
2040 50 
2080 52 
2120 67 
2160 59 
2200 49 
2240 60 
2280 66 
2320 56 
2360 57 
2400 67 
