clientJon
40 26 
80 18 
120 12 
160 14 
200 12 
240 14 
280 16 
320 18 
360 14 
400 12 
440 17 
480 18 
520 24 
560 21 
600 18 
640 20 
680 24 
720 29 
760 33 
800 25 
840 24 
880 25 
920 32 
960 33 
1000 25 
1040 26 
1080 31 
1120 42 
1160 34 
1200 30 
1240 37 
1280 42 
1320 36 
1360 33 
1400 35 
1440 43 
1480 51 
1520 36 
1560 35 
1600 41 
1640 56 
1680 41 
1720 38 
1760 42 
1800 53 
1840 46 
1880 40 
1920 40 
1960 48 
2000 59 
2040 43 
2080 44 
2120 50 
2160 66 
2200 49 
2240 46 
2280 55 
2320 65 
2360 55 
2400 53 
