balancer
160 10 
320 7 
480 4 
640 5 
800 4 
960 4 
1120 3 
1280 4 
1440 3 
1600 5 
1760 4 
1920 4 
2080 7 
2240 5 
2400 5 
2560 4 
2720 8 
2880 5 
3040 6 
3200 4 
3360 7 
3520 5 
3680 5 
3840 4 
4000 6 
4160 5 
4320 4 
4480 5 
4640 6 
4800 5 
4960 5 
5120 7 
5280 6 
5440 6 
5600 5 
5760 9 
5920 6 
6080 5 
6240 7 
6400 6 
6560 7 
6720 7 
6880 8 
7040 7 
7200 6 
7360 9 
7520 9 
7680 8 
7840 6 
8000 10 
8160 9 
8320 7 
8480 7 
8640 8 
8800 7 
8960 8 
9120 7 
9280 6 
9440 9 
9600 8 
9760 10 
9920 8 
10080 11 
10240 11 
10400 10 
10560 7 
10720 7 
10880 9 
11040 8 
11200 10 
11360 10 
11520 9 
11680 9 
11840 8 
12000 9 
12160 10 
12320 9 
12480 11 
12640 13 
12800 9 
12960 10 
13120 9 
13280 9 
13440 9 
13600 8 
13760 9 
13920 12 
14080 12 
14240 12 
14400 10 
14560 12 
14720 12 
14880 10 
15040 11 
15200 12 
15360 13 
15520 11 
15680 13 
15840 12 
16000 12 
16160 11 
16320 11 
16480 11 
16640 13 
16800 12 
16960 14 
17120 12 
17280 14 
17440 12 
17600 12 
17760 12 
17920 12 
18080 12 
18240 13 
18400 13 
18560 16 
18720 14 
18880 15 
19040 19 
19200 14 
19360 16 
19520 14 
19680 17 
19840 16 
20000 17 
20160 16 
20320 16 
20480 18 
20640 16 
20800 16 
20960 17 
21120 21 
21280 17 
21440 18 
21600 13 
21760 19 
21920 16 
22080 18 
22240 16 
22400 16 
22560 19 
22720 18 
22880 20 
23040 20 
23200 23 
23360 18 
23520 20 
