balancer
160 10 
320 9 
480 6 
640 6 
800 7 
960 5 
1120 6 
1280 6 
1440 6 
1600 6 
1760 5 
1920 6 
2080 7 
2240 7 
2400 8 
2560 9 
2720 7 
2880 5 
3040 6 
3200 5 
3360 7 
3520 5 
3680 7 
3840 7 
4000 8 
4160 6 
4320 8 
4480 9 
4640 8 
4800 6 
4960 8 
5120 9 
5280 8 
5440 8 
5600 9 
5760 9 
5920 10 
6080 9 
6240 9 
6400 11 
6560 9 
6720 10 
6880 9 
7040 7 
7200 8 
7360 10 
7520 9 
7680 14 
7840 10 
8000 11 
8160 12 
8320 11 
8480 11 
8640 9 
8800 11 
8960 11 
9120 11 
9280 13 
9440 12 
9600 12 
9760 14 
9920 12 
10080 12 
10240 11 
10400 11 
10560 12 
10720 13 
10880 23 
11040 21 
11200 22 
11360 23 
11520 24 
11680 23 
11840 21 
12000 21 
12160 21 
12320 24 
12480 22 
12640 21 
12800 25 
12960 25 
13120 25 
13280 21 
13440 23 
13600 24 
13760 22 
13920 21 
14080 24 
14240 24 
14400 24 
14560 25 
14720 25 
14880 24 
15040 24 
15200 24 
15360 26 
15520 24 
15680 25 
15840 27 
16000 27 
16160 29 
16320 27 
16480 26 
16640 26 
16800 25 
16960 27 
17120 27 
17280 27 
17440 29 
17600 27 
17760 26 
17920 27 
18080 26 
18240 27 
18400 31 
18560 31 
18720 31 
18880 31 
19040 30 
19200 30 
19360 30 
19520 30 
19680 35 
19840 34 
20000 38 
20160 35 
20320 32 
20480 33 
20640 32 
20800 33 
20960 38 
21120 36 
21280 38 
21440 37 
21600 32 
21760 32 
21920 35 
22080 37 
22240 36 
22400 33 
22560 40 
22720 35 
22880 32 
23040 35 
23200 34 
23360 37 
23520 37 
