balancer
160 9 
320 6 
480 3 
640 3 
800 4 
960 3 
1120 3 
1280 4 
1440 3 
1600 3 
1760 5 
1920 3 
2080 4 
2240 3 
2400 5 
2560 3 
2720 3 
2880 3 
3040 3 
3200 3 
3360 3 
3520 4 
3680 3 
3840 4 
4000 4 
4160 3 
4320 4 
4480 4 
4640 4 
4800 4 
4960 3 
5120 4 
5280 4 
5440 4 
5600 3 
5760 5 
5920 4 
6080 3 
6240 5 
6400 4 
6560 3 
6720 4 
6880 6 
7040 5 
7200 5 
7360 6 
7520 7 
7680 3 
7840 5 
8000 5 
8160 7 
8320 5 
8480 6 
8640 5 
8800 5 
8960 5 
9120 4 
9280 5 
9440 6 
9600 6 
9760 3 
9920 7 
10080 8 
10240 12 
10400 9 
10560 6 
10720 8 
10880 10 
11040 8 
11200 9 
11360 10 
11520 10 
11680 11 
11840 8 
12000 9 
12160 12 
12320 9 
12480 8 
12640 10 
12800 8 
12960 8 
13120 9 
13280 7 
13440 8 
13600 9 
13760 11 
13920 8 
14080 9 
14240 8 
14400 8 
14560 8 
14720 10 
14880 9 
15040 9 
15200 8 
15360 12 
15520 10 
15680 9 
15840 9 
16000 9 
16160 10 
16320 8 
16480 9 
16640 9 
16800 8 
16960 12 
17120 9 
17280 10 
17440 10 
17600 12 
17760 9 
17920 9 
18080 8 
18240 8 
18400 10 
18560 9 
18720 10 
18880 11 
19040 11 
19200 9 
19360 10 
19520 10 
19680 11 
19840 11 
20000 13 
20160 13 
20320 12 
20480 13 
20640 13 
20800 13 
20960 12 
21120 12 
21280 11 
21440 12 
21600 9 
21760 10 
21920 12 
22080 11 
22240 11 
22400 10 
22560 12 
22720 13 
22880 11 
23040 14 
23200 14 
23360 12 
23520 13 
