balancer
160 20 
320 17 
480 14 
640 11 
800 14 
960 15 
1120 14 
1280 13 
1440 13 
1600 16 
1760 19 
1920 21 
2080 19 
2240 22 
2400 20 
2560 24 
2720 23 
2880 24 
3040 22 
3200 22 
3360 24 
3520 26 
3680 24 
3840 26 
4000 25 
4160 25 
4320 25 
4480 28 
4640 28 
4800 30 
4960 26 
5120 28 
5280 27 
5440 30 
5600 31 
5760 30 
5920 29 
6080 29 
6240 35 
6400 35 
6560 36 
6720 32 
6880 36 
7040 32 
7200 35 
7360 36 
7520 37 
7680 34 
7840 35 
8000 35 
8160 39 
8320 39 
8480 41 
8640 38 
8800 37 
8960 38 
9120 39 
9280 40 
9440 42 
9600 38 
9760 41 
9920 41 
10080 41 
10240 43 
10400 46 
10560 40 
10720 40 
10880 41 
11040 41 
11200 45 
11360 44 
11520 45 
11680 46 
11840 44 
12000 45 
12160 44 
12320 46 
12480 47 
12640 51 
12800 51 
12960 47 
13120 46 
13280 48 
13440 50 
13600 51 
13760 50 
13920 55 
14080 48 
14240 47 
14400 49 
14560 53 
14720 52 
14880 57 
15040 56 
15200 53 
15360 52 
15520 48 
15680 21 
15840 52 
16000 24 
16160 54 
16320 57 
16480 57 
16640 57 
16800 55 
16960 54 
17120 61 
17280 59 
17440 62 
17600 62 
17760 61 
17920 66 
18080 54 
18240 57 
18400 63 
18560 61 
18720 59 
18880 67 
19040 69 
19200 57 
19360 60 
19520 56 
19680 62 
19840 62 
20000 68 
20160 72 
20320 70 
20480 63 
20640 62 
20800 75 
20960 63 
21120 66 
21280 65 
21440 77 
21600 69 
21760 79 
21920 64 
22080 65 
22240 61 
22400 68 
22560 79 
22720 67 
22880 80 
23040 73 
23200 67 
23360 72 
23520 66 
23680 68 
23840 74 
