balancer
160 22 
320 17 
480 16 
640 16 
800 17 
960 19 
1120 16 
1280 19 
1440 21 
1600 17 
1760 20 
1920 26 
2080 28 
2240 28 
2400 26 
2560 36 
2720 34 
2880 33 
3040 36 
3200 37 
3360 35 
3520 37 
3680 37 
3840 39 
4000 38 
4160 35 
4320 38 
4480 43 
4640 41 
4800 42 
4960 46 
5120 49 
5280 43 
5440 46 
5600 49 
5760 50 
5920 46 
6080 46 
6240 57 
6400 63 
6560 57 
6720 59 
6880 58 
7040 61 
7200 63 
7360 61 
7520 61 
7680 62 
7840 63 
8000 67 
8160 63 
8320 65 
8480 64 
8640 67 
8800 67 
8960 63 
9120 62 
9280 68 
9440 69 
9600 70 
9760 67 
9920 67 
10080 69 
10240 68 
10400 68 
10560 66 
10720 64 
10880 70 
11040 69 
11200 70 
11360 68 
11520 72 
11680 69 
11840 72 
12000 79 
12160 75 
12320 70 
12480 74 
12640 70 
12800 79 
12960 76 
13120 75 
13280 71 
13440 71 
13600 72 
13760 74 
13920 80 
14080 82 
14240 80 
14400 77 
14560 78 
14720 74 
14880 76 
15040 86 
15200 87 
15360 77 
15520 76 
15680 75 
15840 80 
16000 80 
16160 84 
16320 83 
16480 81 
16640 82 
16800 76 
16960 83 
17120 86 
17280 86 
17440 84 
17600 82 
17760 76 
17920 88 
18080 95 
18240 96 
18400 82 
18560 79 
18720 74 
18880 79 
19040 85 
19200 90 
19360 78 
19520 89 
19680 84 
19840 79 
20000 83 
20160 83 
20320 92 
20480 89 
20640 86 
20800 89 
20960 91 
21120 86 
21280 89 
21440 79 
21600 92 
21760 86 
21920 88 
22080 90 
22240 88 
22400 98 
22560 84 
22720 84 
22880 77 
23040 83 
23200 90 
23360 86 
23520 87 
