balancer
160 26 
320 28 
480 26 
640 30 
800 28 
960 30 
1120 27 
1280 29 
1440 27 
1600 30 
1760 32 
1920 31 
2080 36 
2240 41 
2400 41 
2560 41 
2720 43 
2880 46 
3040 43 
3200 43 
3360 43 
3520 45 
3680 43 
3840 46 
4000 45 
4160 47 
4320 46 
4480 46 
4640 53 
4800 46 
4960 47 
5120 48 
5280 52 
5440 47 
5600 48 
5760 54 
5920 55 
6080 50 
6240 55 
6400 7 
6560 56 
6720 9 
6880 58 
7040 55 
7200 53 
7360 54 
7520 58 
7680 59 
7840 55 
8000 54 
8160 55 
8320 61 
8480 63 
8640 65 
8800 60 
8960 59 
9120 61 
9280 65 
9440 61 
9600 60 
9760 61 
9920 61 
10080 65 
10240 66 
10400 62 
10560 60 
10720 62 
10880 65 
11040 66 
11200 64 
11360 63 
11520 62 
11680 66 
11840 68 
12000 69 
12160 69 
12320 65 
12480 68 
12640 68 
12800 66 
12960 69 
13120 84 
13280 75 
13440 72 
13600 64 
13760 66 
13920 71 
14080 71 
14240 79 
14400 83 
14560 66 
14720 70 
14880 71 
15040 73 
15200 81 
15360 79 
15520 78 
15680 77 
15840 74 
16000 71 
16160 78 
16320 89 
16480 86 
16640 76 
16800 76 
16960 90 
17120 80 
17280 74 
17440 78 
17600 75 
17760 76 
17920 78 
18080 74 
18240 69 
18400 76 
18560 81 
18720 82 
18880 84 
19040 72 
19200 84 
19360 76 
19520 82 
19680 84 
19840 72 
20000 88 
20160 80 
20320 84 
20480 93 
20640 83 
20800 85 
20960 79 
21120 82 
21280 84 
21440 79 
21600 88 
21760 91 
21920 85 
22080 93 
22240 86 
22400 78 
22560 77 
22720 79 
22880 82 
23040 90 
23200 85 
23360 94 
23520 85 
23680 81 
23840 92 
