balancer
160 14 
320 11 
480 8 
640 7 
800 8 
960 8 
1120 9 
1280 6 
1440 8 
1600 5 
1760 8 
1920 4 
2080 8 
2240 8 
2400 10 
2560 10 
2720 10 
2880 11 
3040 8 
3200 8 
3360 10 
3520 9 
3680 11 
3840 11 
4000 12 
4160 11 
4320 11 
4480 13 
4640 11 
4800 12 
4960 11 
5120 13 
5280 13 
5440 11 
5600 12 
5760 11 
5920 14 
6080 13 
6240 13 
6400 13 
6560 14 
6720 12 
6880 14 
7040 13 
7200 15 
7360 15 
7520 16 
7680 18 
7840 17 
8000 19 
8160 18 
8320 16 
8480 18 
8640 18 
8800 12 
8960 19 
9120 19 
9280 21 
9440 17 
9600 19 
9760 17 
9920 19 
10080 17 
10240 18 
10400 20 
10560 20 
10720 22 
10880 21 
11040 19 
11200 22 
11360 22 
11520 20 
11680 23 
11840 24 
12000 25 
12160 24 
12320 22 
12480 21 
12640 25 
12800 23 
12960 25 
13120 16 
13280 23 
13440 28 
13600 27 
13760 24 
13920 23 
14080 23 
14240 24 
14400 27 
14560 26 
14720 29 
14880 28 
15040 26 
15200 24 
15360 26 
15520 25 
15680 31 
15840 31 
16000 30 
16160 30 
16320 27 
16480 28 
16640 30 
16800 32 
16960 32 
17120 30 
17280 36 
17440 21 
17600 30 
17760 29 
17920 30 
18080 29 
18240 32 
18400 33 
18560 34 
18720 34 
18880 31 
19040 30 
19200 35 
19360 38 
19520 38 
19680 38 
19840 37 
20000 35 
20160 37 
20320 38 
20480 43 
20640 44 
20800 46 
20960 40 
21120 39 
21280 41 
21440 39 
21600 39 
21760 45 
21920 43 
22080 46 
22240 39 
22400 44 
22560 45 
22720 42 
22880 43 
23040 46 
23200 45 
23360 48 
23520 46 
23680 43 
23840 46 
24000 44 
24160 46 
24320 46 
