balancer
160 17 
320 13 
480 8 
640 10 
800 10 
960 12 
1120 9 
1280 8 
1440 13 
1600 9 
1760 13 
1920 12 
2080 16 
2240 15 
2400 12 
2560 14 
2720 13 
2880 15 
3040 16 
3200 15 
3360 15 
3520 13 
3680 14 
3840 16 
4000 16 
4160 16 
4320 17 
4480 16 
4640 16 
4800 17 
4960 16 
5120 16 
5280 18 
5440 20 
5600 18 
5760 23 
5920 18 
6080 16 
6240 21 
6400 19 
6560 19 
6720 21 
6880 22 
7040 22 
7200 24 
7360 21 
7520 21 
7680 21 
7840 21 
8000 26 
8160 25 
8320 24 
8480 31 
8640 25 
8800 24 
8960 23 
9120 24 
9280 29 
9440 27 
9600 31 
9760 30 
9920 28 
10080 29 
10240 25 
10400 32 
10560 29 
10720 31 
10880 34 
11040 34 
11200 28 
11360 30 
11520 33 
11680 34 
11840 33 
12000 33 
12160 36 
12320 32 
12480 33 
12640 35 
12800 37 
12960 39 
13120 40 
13280 42 
13440 37 
13600 40 
13760 37 
13920 41 
14080 44 
14240 42 
14400 42 
14560 40 
14720 40 
14880 43 
15040 45 
15200 45 
15360 51 
15520 41 
15680 46 
15840 42 
16000 43 
16160 48 
16320 51 
16480 45 
16640 49 
16800 46 
16960 30 
17120 46 
17280 48 
17440 49 
17600 49 
17760 50 
17920 53 
18080 50 
18240 46 
18400 46 
18560 48 
18720 48 
18880 49 
19040 49 
19200 50 
19360 52 
19520 53 
19680 70 
19840 55 
20000 51 
20160 74 
20320 61 
20480 71 
20640 73 
20800 58 
20960 65 
21120 65 
21280 71 
21440 67 
21600 62 
21760 64 
21920 64 
22080 85 
22240 66 
22400 60 
22560 58 
22720 58 
22880 63 
23040 61 
23200 72 
23360 70 
23520 60 
23680 61 
