balancer
160 24 
320 22 
480 18 
640 19 
800 22 
960 23 
1120 22 
1280 22 
1440 21 
1600 20 
1760 23 
1920 24 
2080 22 
2240 24 
2400 24 
2560 26 
2720 25 
2880 29 
3040 26 
3200 25 
3360 25 
3520 28 
3680 31 
3840 35 
4000 31 
4160 33 
4320 33 
4480 34 
4640 40 
4800 35 
4960 35 
5120 35 
5280 38 
5440 23 
5600 38 
5760 39 
5920 37 
6080 40 
6240 39 
6400 43 
6560 44 
6720 40 
6880 42 
7040 43 
7200 45 
7360 45 
7520 44 
7680 43 
7840 47 
8000 49 
8160 48 
8320 47 
8480 47 
8640 48 
8800 49 
8960 47 
9120 52 
9280 48 
9440 49 
9600 50 
9760 53 
9920 56 
10080 57 
10240 56 
10400 54 
10560 53 
10720 56 
10880 23 
11040 57 
11200 20 
11360 60 
11520 59 
11680 59 
11840 55 
12000 55 
12160 60 
12320 61 
12480 61 
12640 60 
12800 58 
12960 59 
13120 60 
13280 64 
13440 65 
13600 70 
13760 64 
13920 62 
14080 62 
14240 61 
14400 63 
14560 66 
14720 66 
14880 70 
15040 75 
15200 62 
15360 64 
15520 64 
15680 68 
15840 71 
16000 71 
16160 76 
16320 72 
16480 68 
16640 70 
16800 85 
16960 80 
17120 71 
17280 77 
17440 76 
17600 85 
17760 95 
17920 78 
18080 34 
18240 65 
18400 82 
18560 94 
18720 72 
18880 74 
19040 94 
19200 89 
19360 96 
19520 81 
19680 76 
19840 79 
20000 81 
20160 78 
20320 81 
20480 87 
20640 83 
20800 79 
20960 82 
21120 71 
21280 75 
21440 78 
21600 85 
21760 88 
21920 79 
22080 80 
22240 81 
22400 76 
22560 71 
22720 71 
22880 87 
23040 86 
23200 89 
23360 90 
23520 93 
23680 88 
23840 40 
24000 86 
24160 90 
24320 75 
