store
160 31 
320 13 
480 17 
640 14 
800 13 
960 17 
1120 13 
1280 13 
1440 15 
1600 14 
1760 13 
1920 15 
2080 14 
2240 13 
2400 14 
2560 15 
2720 15 
2880 18 
3040 16 
3200 19 
3360 17 
3520 18 
3680 13 
3840 14 
4000 14 
4160 14 
4320 14 
4480 14 
4640 18 
4800 16 
4960 19 
5120 22 
5280 19 
5440 23 
5600 14 
5760 16 
5920 17 
6080 18 
6240 17 
6400 15 
6560 18 
6720 18 
6880 18 
7040 24 
7200 20 
7360 18 
7520 21 
7680 26 
7840 26 
8000 25 
8160 16 
8320 17 
8480 18 
8640 18 
8800 22 
8960 19 
9120 17 
9280 19 
9440 18 
9600 18 
9760 24 
9920 23 
10080 26 
10240 20 
10400 27 
10560 25 
10720 35 
10880 33 
11040 19 
11200 22 
11360 18 
11520 20 
11680 22 
11840 21 
12000 20 
12160 19 
12320 24 
12480 23 
12640 23 
12800 26 
12960 21 
13120 26 
13280 23 
13440 24 
13600 32 
13760 29 
13920 29 
14080 32 
14240 30 
14400 42 
14560 52 
14720 46 
14880 25 
15040 21 
15200 22 
15360 27 
15520 24 
15680 27 
15840 23 
16000 28 
16160 25 
16320 26 
16480 26 
16640 27 
16800 23 
16960 30 
17120 24 
17280 30 
17440 33 
17600 41 
17760 48 
17920 46 
18080 48 
18240 47 
18400 54 
18560 64 
18720 44 
18880 29 
19040 31 
19200 31 
19360 38 
19520 28 
19680 28 
19840 35 
20000 35 
20160 36 
20320 32 
20480 40 
20640 46 
20800 41 
20960 42 
21120 41 
21280 46 
21440 44 
21600 37 
21760 39 
21920 43 
22080 39 
22240 39 
22400 38 
22560 39 
22720 41 
22880 34 
23040 59 
23200 52 
23360 56 
23520 51 
23680 71 
