worker
160 31 
320 13 
480 5 
640 4 
800 3 
960 28 
1120 4 
1280 3 
1440 5 
1600 3 
1760 3 
1920 2 
2080 5 
2240 5 
2400 7 
2560 3 
2720 4 
2880 3 
3040 5 
3200 5 
3360 6 
3520 6 
3680 8 
3840 8 
4000 3 
4160 5 
4320 5 
4480 5 
4640 4 
4800 4 
4960 10 
5120 5 
5280 6 
5440 7 
5600 7 
5760 7 
5920 8 
6080 6 
6240 5 
6400 6 
6560 7 
6720 5 
6880 7 
7040 7 
7200 4 
7360 6 
7520 9 
7680 9 
7840 10 
8000 9 
8160 9 
8320 6 
8480 8 
8640 8 
8800 8 
8960 10 
9120 9 
9280 12 
9440 10 
9600 8 
9760 13 
9920 11 
10080 11 
10240 9 
10400 7 
10560 10 
10720 7 
10880 8 
11040 8 
11200 9 
11360 10 
11520 10 
11680 10 
11840 9 
12000 8 
12160 9 
12320 10 
12480 13 
12640 8 
12800 11 
12960 12 
13120 14 
13280 10 
13440 14 
13600 12 
13760 10 
13920 13 
14080 17 
14240 15 
14400 12 
14560 9 
14720 17 
14880 11 
15040 12 
15200 13 
15360 11 
15520 11 
15680 15 
15840 11 
16000 15 
16160 11 
16320 13 
16480 17 
16640 12 
16800 12 
16960 21 
17120 17 
17280 18 
17440 15 
17600 21 
17760 17 
17920 14 
18080 20 
18240 15 
18400 21 
18560 18 
18720 19 
18880 26 
19040 17 
19200 19 
19360 15 
19520 18 
19680 16 
19840 21 
20000 16 
20160 20 
20320 20 
20480 20 
20640 19 
20800 16 
20960 21 
21120 19 
21280 21 
21440 25 
21600 39 
21760 26 
21920 25 
22080 24 
22240 27 
22400 24 
22560 25 
22720 25 
22880 28 
23040 19 
23200 27 
23360 24 
23520 22 
23680 28 
23840 20 
24000 21 
24160 22 
24320 21 
24480 24 
24640 21 
24800 22 
