worker
160 25 
320 15 
480 3 
640 3 
800 4 
960 9 
1120 3 
1280 3 
1440 5 
1600 4 
1760 3 
1920 4 
2080 6 
2240 4 
2400 5 
2560 3 
2720 10 
2880 6 
3040 6 
3200 4 
3360 5 
3520 5 
3680 13 
3840 5 
4000 6 
4160 6 
4320 9 
4480 8 
4640 6 
4800 7 
4960 7 
5120 12 
5280 5 
5440 5 
5600 6 
5760 7 
5920 7 
6080 7 
6240 10 
6400 7 
6560 6 
6720 8 
6880 9 
7040 9 
7200 8 
7360 8 
7520 9 
7680 11 
7840 10 
8000 12 
8160 11 
8320 11 
8480 10 
8640 13 
8800 9 
8960 11 
9120 13 
9280 7 
9440 9 
9600 11 
9760 10 
9920 10 
10080 10 
10240 11 
10400 9 
10560 13 
10720 9 
10880 12 
11040 13 
11200 8 
11360 16 
11520 14 
11680 16 
11840 13 
12000 17 
12160 14 
12320 15 
12480 14 
12640 15 
12800 17 
12960 22 
13120 11 
13280 13 
13440 14 
13600 13 
13760 9 
13920 16 
14080 11 
14240 13 
14400 14 
14560 13 
14720 16 
14880 13 
15040 16 
15200 14 
15360 18 
15520 20 
15680 19 
15840 21 
16000 19 
16160 20 
16320 22 
16480 20 
16640 18 
16800 20 
16960 21 
17120 21 
17280 25 
17440 18 
17600 18 
17760 18 
17920 16 
18080 18 
18240 15 
18400 21 
18560 16 
18720 18 
18880 18 
19040 18 
19200 15 
19360 19 
19520 16 
19680 21 
19840 20 
20000 25 
20160 25 
20320 27 
20480 25 
20640 26 
20800 33 
20960 21 
21120 28 
21280 26 
21440 29 
21600 28 
21760 31 
21920 22 
22080 36 
22240 21 
22400 17 
22560 24 
22720 21 
22880 21 
23040 22 
23200 22 
23360 20 
23520 19 
23680 22 
23840 26 
