worker
160 18 
320 17 
480 3 
640 4 
800 5 
960 5 
1120 4 
1280 3 
1440 4 
1600 6 
1760 6 
1920 3 
2080 7 
2240 6 
2400 6 
2560 9 
2720 10 
2880 5 
3040 6 
3200 4 
3360 7 
3520 6 
3680 6 
3840 7 
4000 12 
4160 5 
4320 9 
4480 8 
4640 10 
4800 6 
4960 7 
5120 6 
5280 6 
5440 8 
5600 7 
5760 5 
5920 6 
6080 8 
6240 5 
6400 8 
6560 7 
6720 9 
6880 9 
7040 9 
7200 9 
7360 13 
7520 7 
7680 10 
7840 9 
8000 11 
8160 11 
8320 13 
8480 11 
8640 11 
8800 13 
8960 12 
9120 13 
9280 9 
9440 9 
9600 10 
9760 10 
9920 9 
10080 8 
10240 14 
10400 9 
10560 8 
10720 13 
10880 11 
11040 9 
11200 17 
11360 12 
11520 12 
11680 16 
11840 15 
12000 14 
12160 15 
12320 12 
12480 16 
12640 13 
12800 16 
12960 22 
13120 17 
13280 22 
13440 14 
13600 15 
13760 16 
13920 14 
14080 16 
14240 15 
14400 18 
14560 14 
14720 15 
14880 16 
15040 14 
15200 15 
15360 21 
15520 18 
15680 23 
15840 22 
16000 21 
16160 20 
16320 26 
16480 24 
16640 24 
16800 21 
16960 24 
17120 24 
17280 25 
17440 23 
17600 27 
17760 21 
17920 22 
18080 22 
18240 17 
18400 21 
18560 17 
18720 21 
18880 25 
19040 22 
19200 19 
19360 23 
19520 22 
19680 22 
19840 21 
20000 20 
20160 27 
20320 24 
20480 29 
20640 30 
20800 28 
20960 27 
21120 32 
21280 25 
21440 26 
21600 28 
21760 26 
21920 34 
22080 30 
22240 20 
22400 26 
22560 25 
22720 22 
22880 22 
23040 22 
23200 21 
23360 22 
23520 23 
23680 21 
