worker
160 25 
320 14 
480 6 
640 3 
800 5 
960 3 
1120 5 
1280 2 
1440 4 
1600 4 
1760 3 
1920 5 
2080 6 
2240 6 
2400 8 
2560 7 
2720 7 
2880 11 
3040 4 
3200 6 
3360 7 
3520 11 
3680 5 
3840 8 
4000 8 
4160 11 
4320 9 
4480 7 
4640 10 
4800 11 
4960 8 
5120 9 
5280 11 
5440 11 
5600 8 
5760 8 
5920 7 
6080 11 
6240 8 
6400 9 
6560 9 
6720 11 
6880 9 
7040 11 
7200 10 
7360 14 
7520 16 
7680 12 
7840 13 
8000 14 
8160 13 
8320 14 
8480 15 
8640 12 
8800 16 
8960 12 
9120 12 
9280 11 
9440 13 
9600 14 
9760 12 
9920 11 
10080 13 
10240 15 
10400 9 
10560 16 
10720 13 
10880 15 
11040 16 
11200 17 
11360 21 
11520 16 
11680 20 
11840 22 
12000 19 
12160 19 
12320 20 
12480 19 
12640 20 
12800 19 
12960 21 
13120 19 
13280 24 
13440 18 
13600 17 
13760 18 
13920 17 
14080 19 
14240 20 
14400 16 
14560 16 
14720 21 
14880 17 
15040 19 
15200 18 
15360 17 
15520 21 
15680 22 
15840 26 
16000 23 
16160 22 
16320 24 
16480 27 
16640 20 
16800 23 
16960 24 
17120 22 
17280 20 
17440 32 
17600 23 
17760 29 
17920 18 
18080 19 
18240 19 
18400 22 
18560 18 
18720 19 
18880 22 
19040 17 
19200 18 
19360 19 
19520 20 
19680 20 
19840 23 
20000 20 
20160 19 
20320 22 
20480 21 
20640 22 
20800 26 
20960 25 
21120 30 
21280 31 
21440 26 
21600 28 
21760 29 
21920 23 
22080 30 
22240 26 
22400 32 
22560 29 
22720 39 
22880 22 
23040 24 
23200 23 
23360 23 
23520 24 
23680 24 
23840 23 
