worker
160 12 
320 19 
480 7 
640 3 
800 3 
960 3 
1120 6 
1280 4 
1440 3 
1600 3 
1760 6 
1920 3 
2080 3 
2240 7 
2400 8 
2560 6 
2720 3 
2880 4 
3040 8 
3200 4 
3360 5 
3520 7 
3680 7 
3840 7 
4000 6 
4160 8 
4320 8 
4480 5 
4640 6 
4800 10 
4960 10 
5120 6 
5280 7 
5440 5 
5600 5 
5760 10 
5920 5 
6080 5 
6240 18 
6400 7 
6560 6 
6720 8 
6880 8 
7040 11 
7200 13 
7360 8 
7520 9 
7680 10 
7840 10 
8000 12 
8160 12 
8320 9 
8480 15 
8640 11 
8800 13 
8960 14 
9120 13 
9280 9 
9440 14 
9600 10 
9760 10 
9920 16 
10080 9 
10240 11 
10400 15 
10560 11 
10720 13 
10880 12 
11040 16 
11200 15 
11360 19 
11520 14 
11680 17 
11840 16 
12000 19 
12160 18 
12320 19 
12480 19 
12640 17 
12800 18 
12960 18 
13120 14 
13280 17 
13440 16 
13600 15 
13760 14 
13920 16 
14080 17 
14240 13 
14400 17 
14560 13 
14720 14 
14880 18 
15040 17 
15200 19 
15360 19 
15520 23 
15680 22 
15840 17 
16000 21 
16160 21 
16320 24 
16480 21 
16640 23 
16800 24 
16960 20 
17120 20 
17280 26 
17440 18 
17600 17 
17760 17 
17920 20 
18080 17 
18240 17 
18400 18 
18560 19 
18720 19 
18880 17 
19040 16 
19200 18 
19360 22 
19520 18 
19680 23 
19840 24 
20000 24 
20160 23 
20320 25 
20480 29 
20640 24 
20800 27 
20960 25 
21120 30 
21280 25 
21440 27 
21600 29 
21760 26 
21920 19 
22080 22 
22240 19 
22400 20 
22560 22 
22720 19 
22880 20 
23040 19 
23200 24 
23360 19 
23520 20 
23680 21 
23840 23 
24000 20 
24160 23 
24320 18 
24480 21 
