worker
160 18 
320 13 
480 4 
640 7 
800 7 
960 6 
1120 7 
1280 4 
1440 6 
1600 5 
1760 2 
1920 5 
2080 3 
2240 5 
2400 4 
2560 10 
2720 5 
2880 7 
3040 9 
3200 9 
3360 6 
3520 8 
3680 4 
3840 8 
4000 4 
4160 8 
4320 10 
4480 7 
4640 7 
4800 11 
4960 8 
5120 10 
5280 5 
5440 7 
5600 10 
5760 9 
5920 6 
6080 8 
6240 9 
6400 7 
6560 8 
6720 13 
6880 9 
7040 7 
7200 9 
7360 12 
7520 8 
7680 10 
7840 13 
8000 12 
8160 11 
8320 12 
8480 14 
8640 12 
8800 11 
8960 13 
9120 10 
9280 11 
9440 12 
9600 9 
9760 12 
9920 12 
10080 9 
10240 9 
10400 12 
10560 11 
10720 11 
10880 13 
11040 15 
11200 12 
11360 15 
11520 16 
11680 14 
11840 16 
12000 12 
12160 17 
12320 14 
12480 16 
12640 19 
12800 14 
12960 15 
13120 16 
13280 20 
13440 17 
13600 17 
13760 14 
13920 11 
14080 13 
14240 14 
14400 16 
14560 13 
14720 11 
14880 14 
15040 14 
15200 16 
15360 17 
15520 16 
15680 15 
15840 17 
16000 23 
16160 21 
16320 21 
16480 18 
16640 22 
16800 20 
16960 21 
17120 16 
17280 20 
17440 21 
17600 21 
17760 18 
17920 20 
18080 21 
18240 24 
18400 18 
18560 16 
18720 18 
18880 20 
19040 16 
19200 21 
19360 20 
19520 18 
19680 19 
19840 22 
20000 16 
20160 20 
20320 18 
20480 20 
20640 19 
20800 20 
20960 19 
21120 26 
21280 27 
21440 21 
21600 25 
21760 20 
21920 30 
22080 24 
22240 23 
22400 26 
22560 22 
22720 24 
22880 21 
23040 35 
23200 24 
23360 26 
23520 19 
23680 26 
23840 20 
24000 24 
24160 42 
24320 24 
24480 20 
