worker
160 25 
320 18 
480 14 
640 9 
800 11 
960 8 
1120 9 
1280 9 
1440 9 
1600 10 
1760 11 
1920 13 
2080 13 
2240 13 
2400 12 
2560 13 
2720 14 
2880 10 
3040 11 
3200 10 
3360 13 
3520 11 
3680 13 
3840 13 
4000 10 
4160 16 
4320 14 
4480 15 
4640 15 
4800 21 
4960 16 
5120 16 
5280 15 
5440 17 
5600 16 
5760 17 
5920 19 
6080 18 
6240 14 
6400 16 
6560 16 
6720 18 
6880 15 
7040 15 
7200 16 
7360 17 
7520 16 
7680 19 
7840 35 
8000 21 
8160 18 
8320 19 
8480 20 
8640 22 
8800 20 
8960 22 
9120 19 
9280 21 
9440 24 
9600 20 
9760 23 
9920 15 
10080 21 
10240 17 
10400 20 
10560 18 
10720 17 
10880 18 
11040 18 
11200 18 
11360 15 
11520 16 
11680 19 
11840 17 
12000 18 
12160 23 
12320 23 
12480 21 
12640 23 
12800 25 
12960 20 
13120 21 
13280 22 
13440 27 
13600 25 
13760 29 
13920 19 
14080 22 
14240 19 
14400 21 
14560 25 
14720 21 
14880 20 
15040 22 
15200 20 
15360 22 
15520 23 
15680 21 
15840 21 
16000 23 
16160 22 
16320 19 
16480 22 
16640 25 
16800 31 
16960 25 
17120 31 
17280 26 
17440 27 
17600 26 
17760 27 
17920 26 
18080 26 
18240 30 
18400 38 
18560 21 
18720 23 
18880 25 
19040 23 
19200 21 
19360 23 
19520 25 
19680 24 
19840 22 
20000 23 
20160 24 
20320 24 
20480 26 
20640 26 
20800 26 
20960 25 
21120 22 
21280 24 
21440 27 
21600 25 
21760 23 
21920 35 
22080 29 
22240 34 
22400 32 
22560 32 
22720 32 
22880 30 
23040 32 
23200 35 
23360 52 
23520 29 
23680 30 
23840 23 
