worker
160 25 
320 17 
480 6 
640 6 
800 3 
960 7 
1120 7 
1280 4 
1440 3 
1600 6 
1760 6 
1920 7 
2080 5 
2240 15 
2400 13 
2560 15 
2720 15 
2880 15 
3040 13 
3200 17 
3360 15 
3520 13 
3680 16 
3840 16 
4000 14 
4160 12 
4320 13 
4480 15 
4640 14 
4800 14 
4960 18 
5120 18 
5280 17 
5440 17 
5600 18 
5760 20 
5920 18 
6080 19 
6240 18 
6400 21 
6560 15 
6720 20 
6880 16 
7040 18 
7200 17 
7360 16 
7520 19 
7680 16 
7840 24 
8000 21 
8160 21 
8320 24 
8480 20 
8640 28 
8800 20 
8960 15 
9120 25 
9280 25 
9440 25 
9600 24 
9760 27 
9920 20 
10080 22 
10240 21 
10400 20 
10560 25 
10720 25 
10880 23 
11040 20 
11200 26 
11360 28 
11520 26 
11680 27 
11840 32 
12000 34 
12160 28 
12320 29 
12480 32 
12640 31 
12800 28 
12960 37 
13120 29 
13280 26 
13440 26 
13600 26 
13760 24 
13920 26 
14080 25 
14240 25 
14400 26 
14560 27 
14720 27 
14880 28 
15040 26 
15200 24 
15360 25 
15520 33 
15680 33 
15840 37 
16000 33 
16160 38 
16320 34 
16480 37 
16640 35 
16800 46 
16960 27 
17120 31 
17280 30 
17440 28 
17600 27 
17760 34 
17920 29 
18080 28 
18240 29 
18400 27 
18560 29 
18720 31 
18880 28 
19040 32 
19200 33 
19360 29 
19520 31 
19680 31 
19840 47 
20000 42 
20160 42 
20320 47 
20480 41 
20640 44 
20800 39 
20960 61 
21120 39 
21280 39 
21440 35 
21600 34 
21760 39 
21920 34 
22080 36 
22240 37 
22400 39 
22560 34 
22720 38 
22880 36 
23040 38 
23200 40 
23360 39 
23520 40 
23680 40 
23840 41 
