worker
160 25 
320 15 
480 5 
640 4 
800 5 
960 6 
1120 6 
1280 6 
1440 3 
1600 5 
1760 5 
1920 9 
2080 5 
2240 8 
2400 7 
2560 5 
2720 11 
2880 18 
3040 19 
3200 18 
3360 17 
3520 23 
3680 16 
3840 17 
4000 16 
4160 15 
4320 17 
4480 20 
4640 19 
4800 22 
4960 21 
5120 24 
5280 22 
5440 25 
5600 23 
5760 28 
5920 20 
6080 21 
6240 18 
6400 25 
6560 18 
6720 22 
6880 21 
7040 24 
7200 23 
7360 10 
7520 25 
7680 26 
7840 25 
8000 26 
8160 27 
8320 27 
8480 28 
8640 31 
8800 27 
8960 24 
9120 24 
9280 23 
9440 23 
9600 25 
9760 24 
9920 28 
10080 26 
10240 23 
10400 27 
10560 30 
10720 33 
10880 29 
11040 32 
11200 29 
11360 29 
11520 32 
11680 34 
11840 31 
12000 26 
12160 30 
12320 26 
12480 24 
12640 25 
12800 29 
12960 23 
13120 31 
13280 25 
13440 29 
13600 27 
13760 27 
13920 26 
14080 29 
14240 30 
14400 24 
14560 29 
14720 37 
14880 35 
15040 36 
15200 34 
15360 34 
15520 29 
15680 30 
15840 42 
16000 30 
16160 27 
16320 28 
16480 30 
16640 29 
16800 29 
16960 28 
17120 29 
17280 31 
17440 33 
17600 33 
17760 32 
17920 28 
18080 33 
18240 34 
18400 33 
18560 34 
18720 34 
18880 45 
19040 47 
19200 48 
19360 46 
19520 43 
19680 38 
19840 70 
20000 33 
20160 38 
20320 35 
20480 38 
20640 35 
20800 36 
20960 33 
21120 35 
21280 34 
21440 32 
21600 36 
21760 33 
21920 34 
22080 34 
22240 30 
22400 33 
22560 32 
22720 38 
22880 29 
23040 44 
23200 37 
23360 35 
23520 40 
23680 43 
23840 42 
24000 71 
