worker
160 12 
320 19 
480 6 
640 3 
800 2 
960 6 
1120 7 
1280 3 
1440 3 
1600 6 
1760 3 
1920 3 
2080 7 
2240 5 
2400 7 
2560 5 
2720 6 
2880 2 
3040 9 
3200 5 
3360 5 
3520 5 
3680 7 
3840 7 
4000 5 
4160 5 
4320 8 
4480 8 
4640 8 
4800 10 
4960 11 
5120 13 
5280 14 
5440 14 
5600 12 
5760 14 
5920 16 
6080 16 
6240 16 
6400 19 
6560 16 
6720 18 
6880 17 
7040 22 
7200 14 
7360 15 
7520 16 
7680 13 
7840 17 
8000 14 
8160 14 
8320 14 
8480 20 
8640 18 
8800 15 
8960 20 
9120 20 
9280 22 
9440 20 
9600 21 
9760 25 
9920 20 
10080 18 
10240 31 
10400 17 
10560 15 
10720 20 
10880 21 
11040 26 
11200 31 
11360 30 
11520 30 
11680 29 
11840 37 
12000 34 
12160 37 
12320 35 
12480 37 
12640 37 
12800 34 
12960 38 
13120 31 
13280 30 
13440 31 
13600 30 
13760 31 
13920 31 
14080 31 
14240 31 
14400 28 
14560 30 
14720 37 
14880 37 
15040 37 
15200 41 
15360 38 
15520 46 
15680 40 
15840 46 
16000 36 
16160 32 
16320 35 
16480 33 
16640 34 
16800 33 
16960 39 
17120 32 
17280 38 
17440 32 
17600 35 
17760 33 
17920 36 
18080 37 
18240 37 
18400 42 
18560 40 
18720 46 
18880 41 
19040 41 
19200 49 
19360 35 
19520 39 
19680 37 
19840 36 
20000 39 
20160 39 
20320 36 
20480 40 
20640 42 
20800 40 
20960 39 
21120 39 
21280 41 
21440 34 
21600 40 
21760 42 
21920 36 
22080 43 
22240 52 
22400 61 
22560 45 
22720 49 
22880 48 
23040 60 
23200 72 
23360 42 
23520 42 
23680 43 
