worker
160 25 
320 14 
480 3 
640 5 
800 3 
960 5 
1120 7 
1280 2 
1440 5 
1600 5 
1760 3 
1920 6 
2080 3 
2240 3 
2400 6 
2560 6 
2720 7 
2880 8 
3040 7 
3200 5 
3360 5 
3520 6 
3680 4 
3840 5 
4000 8 
4160 8 
4320 7 
4480 7 
4640 7 
4800 9 
4960 8 
5120 7 
5280 8 
5440 7 
5600 9 
5760 7 
5920 5 
6080 7 
6240 6 
6400 9 
6560 10 
6720 9 
6880 8 
7040 11 
7200 10 
7360 8 
7520 11 
7680 12 
7840 9 
8000 10 
8160 16 
8320 11 
8480 10 
8640 13 
8800 9 
8960 10 
9120 9 
9280 12 
9440 10 
9600 9 
9760 12 
9920 9 
10080 11 
10240 7 
10400 14 
10560 11 
10720 12 
10880 12 
11040 12 
11200 15 
11360 12 
11520 11 
11680 17 
11840 16 
12000 13 
12160 18 
12320 15 
12480 13 
12640 15 
12800 12 
12960 14 
13120 12 
13280 13 
13440 14 
13600 14 
13760 12 
13920 12 
14080 12 
14240 13 
14400 13 
14560 10 
14720 17 
14880 15 
15040 13 
15200 18 
15360 15 
15520 19 
15680 18 
15840 17 
16000 22 
16160 19 
16320 19 
16480 16 
16640 21 
16800 19 
16960 25 
17120 21 
17280 23 
17440 17 
17600 17 
17760 17 
17920 19 
18080 16 
18240 20 
18400 15 
18560 17 
18720 17 
18880 14 
19040 17 
19200 19 
19360 20 
19520 18 
19680 16 
19840 22 
20000 21 
20160 19 
20320 28 
20480 24 
20640 22 
20800 24 
20960 21 
21120 30 
21280 24 
21440 28 
21600 24 
21760 25 
21920 22 
22080 29 
22240 22 
22400 18 
22560 21 
22720 21 
22880 21 
23040 20 
23200 20 
23360 17 
23520 24 
23680 18 
