worker
160 25 
320 18 
480 5 
640 3 
800 5 
960 4 
1120 6 
1280 5 
1440 2 
1600 3 
1760 5 
1920 2 
2080 7 
2240 5 
2400 5 
2560 4 
2720 4 
2880 11 
3040 3 
3200 8 
3360 5 
3520 5 
3680 6 
3840 7 
4000 9 
4160 8 
4320 9 
4480 7 
4640 11 
4800 10 
4960 6 
5120 6 
5280 8 
5440 5 
5600 8 
5760 8 
5920 9 
6080 6 
6240 7 
6400 9 
6560 10 
6720 10 
6880 8 
7040 13 
7200 11 
7360 12 
7520 13 
7680 12 
7840 13 
8000 11 
8160 14 
8320 15 
8480 12 
8640 12 
8800 16 
8960 12 
9120 13 
9280 10 
9440 12 
9600 14 
9760 11 
9920 13 
10080 17 
10240 17 
10400 19 
10560 13 
10720 17 
10880 21 
11040 15 
11200 16 
11360 16 
11520 20 
11680 20 
11840 19 
12000 19 
12160 17 
12320 14 
12480 17 
12640 16 
12800 21 
12960 17 
13120 16 
13280 17 
13440 16 
13600 14 
13760 18 
13920 15 
14080 22 
14240 19 
14400 24 
14560 17 
14720 26 
14880 18 
15040 24 
15200 20 
15360 22 
15520 22 
15680 20 
15840 22 
16000 21 
16160 21 
16320 23 
16480 24 
16640 19 
16800 22 
16960 19 
17120 18 
17280 19 
17440 18 
17600 17 
17760 19 
17920 23 
18080 18 
18240 19 
18400 18 
18560 18 
18720 24 
18880 25 
19040 24 
19200 26 
19360 26 
19520 27 
19680 31 
19840 25 
20000 27 
20160 24 
20320 25 
20480 30 
20640 34 
20800 34 
20960 28 
21120 24 
21280 26 
21440 26 
21600 29 
21760 27 
21920 27 
22080 23 
22240 26 
22400 24 
22560 26 
22720 26 
22880 29 
23040 23 
23200 25 
23360 27 
23520 28 
23680 30 
