worker
160 18 
320 16 
480 4 
640 4 
800 3 
960 3 
1120 4 
1280 3 
1440 5 
1600 4 
1760 3 
1920 3 
2080 6 
2240 2 
2400 5 
2560 6 
2720 7 
2880 7 
3040 5 
3200 7 
3360 6 
3520 5 
3680 6 
3840 4 
4000 8 
4160 7 
4320 9 
4480 7 
4640 10 
4800 7 
4960 7 
5120 7 
5280 5 
5440 8 
5600 8 
5760 6 
5920 7 
6080 8 
6240 9 
6400 22 
6560 34 
6720 36 
6880 35 
7040 35 
7200 32 
7360 29 
7520 31 
7680 32 
7840 35 
8000 36 
8160 36 
8320 35 
8480 44 
8640 33 
8800 32 
8960 29 
9120 31 
9280 31 
9440 34 
9600 29 
9760 39 
9920 33 
10080 45 
10240 39 
10400 35 
10560 38 
10720 39 
10880 34 
11040 33 
11200 33 
11360 35 
11520 33 
11680 38 
11840 34 
12000 33 
12160 31 
12320 41 
12480 38 
12640 45 
12800 44 
12960 40 
13120 41 
13280 44 
13440 39 
13600 35 
13760 36 
13920 34 
14080 35 
14240 38 
14400 34 
14560 37 
14720 36 
14880 35 
15040 35 
15200 35 
15360 35 
15520 43 
15680 49 
15840 43 
16000 47 
16160 42 
16320 40 
16480 49 
16640 32 
16800 40 
16960 37 
17120 39 
17280 35 
17440 36 
17600 39 
17760 37 
17920 40 
18080 34 
18240 33 
18400 31 
18560 35 
18720 41 
18880 40 
19040 37 
19200 33 
19360 37 
19520 55 
19680 46 
19840 49 
20000 45 
20160 44 
20320 51 
20480 70 
20640 42 
20800 35 
20960 42 
21120 41 
21280 41 
21440 40 
21600 43 
21760 35 
21920 34 
22080 40 
22240 33 
22400 43 
22560 34 
22720 34 
22880 44 
23040 44 
23200 41 
23360 47 
23520 43 
23680 42 
