worker
160 18 
320 19 
480 4 
640 4 
800 3 
960 3 
1120 5 
1280 3 
1440 13 
1600 4 
1760 3 
1920 3 
2080 3 
2240 2 
2400 6 
2560 5 
2720 7 
2880 4 
3040 7 
3200 5 
3360 5 
3520 4 
3680 5 
3840 5 
4000 3 
4160 3 
4320 6 
4480 5 
4640 7 
4800 5 
4960 8 
5120 6 
5280 6 
5440 7 
5600 11 
5760 7 
5920 6 
6080 5 
6240 5 
6400 5 
6560 5 
6720 7 
6880 7 
7040 6 
7200 5 
7360 9 
7520 8 
7680 9 
7840 7 
8000 11 
8160 8 
8320 11 
8480 11 
8640 11 
8800 7 
8960 12 
9120 9 
9280 15 
9440 13 
9600 14 
9760 10 
9920 7 
10080 14 
10240 11 
10400 6 
10560 10 
10720 14 
10880 7 
11040 9 
11200 9 
11360 10 
11520 11 
11680 12 
11840 12 
12000 11 
12160 17 
12320 12 
12480 10 
12640 14 
12800 13 
12960 18 
13120 32 
13280 13 
13440 15 
13600 20 
13760 11 
13920 12 
14080 12 
14240 13 
14400 12 
14560 14 
14720 12 
14880 15 
15040 11 
15200 14 
15360 16 
15520 14 
15680 14 
15840 16 
16000 17 
16160 18 
16320 17 
16480 18 
16640 15 
16800 21 
16960 20 
17120 22 
17280 23 
17440 20 
17600 23 
17760 23 
17920 16 
18080 18 
18240 17 
18400 19 
18560 17 
18720 19 
18880 17 
19040 18 
19200 19 
19360 16 
19520 20 
19680 20 
19840 18 
20000 18 
20160 25 
20320 24 
20480 28 
20640 25 
20800 23 
20960 27 
21120 23 
21280 25 
21440 20 
21600 32 
21760 21 
21920 25 
22080 31 
22240 23 
22400 24 
22560 22 
22720 24 
22880 25 
23040 19 
23200 22 
23360 26 
23520 21 
23680 23 
23840 22 
24000 23 
24160 22 
