worker
160 12 
320 17 
480 4 
640 4 
800 3 
960 4 
1120 6 
1280 5 
1440 3 
1600 3 
1760 2 
1920 4 
2080 3 
2240 7 
2400 4 
2560 6 
2720 8 
2880 4 
3040 5 
3200 6 
3360 4 
3520 4 
3680 4 
3840 8 
4000 9 
4160 7 
4320 7 
4480 9 
4640 15 
4800 10 
4960 11 
5120 8 
5280 9 
5440 11 
5600 11 
5760 7 
5920 8 
6080 9 
6240 8 
6400 9 
6560 9 
6720 13 
6880 11 
7040 13 
7200 17 
7360 14 
7520 18 
7680 16 
7840 15 
8000 17 
8160 18 
8320 21 
8480 17 
8640 12 
8800 14 
8960 15 
9120 15 
9280 15 
9440 16 
9600 13 
9760 15 
9920 18 
10080 14 
10240 17 
10400 19 
10560 18 
10720 20 
10880 19 
11040 22 
11200 17 
11360 23 
11520 17 
11680 24 
11840 19 
12000 20 
12160 21 
12320 21 
12480 18 
12640 16 
12800 19 
12960 19 
13120 20 
13280 16 
13440 17 
13600 17 
13760 19 
13920 17 
14080 19 
14240 19 
14400 24 
14560 28 
14720 23 
14880 26 
15040 28 
15200 23 
15360 24 
15520 23 
15680 24 
15840 21 
16000 23 
16160 25 
16320 21 
16480 20 
16640 20 
16800 20 
16960 21 
17120 19 
17280 20 
17440 21 
17600 18 
17760 19 
17920 20 
18080 20 
18240 20 
18400 21 
18560 23 
18720 21 
18880 28 
19040 32 
19200 33 
19360 33 
19520 34 
19680 32 
19840 31 
20000 31 
20160 33 
20320 31 
20480 45 
20640 30 
20800 30 
20960 29 
21120 33 
21280 32 
21440 35 
21600 33 
21760 38 
21920 30 
22080 29 
22240 33 
22400 29 
22560 33 
22720 26 
22880 28 
23040 31 
23200 32 
23360 30 
23520 32 
23680 41 
23840 43 
24000 39 
24160 22 
24320 39 
24480 37 
24640 46 
24800 41 
