worker
160 12 
320 19 
480 5 
640 3 
800 6 
960 4 
1120 3 
1280 2 
1440 5 
1600 2 
1760 8 
1920 11 
2080 9 
2240 10 
2400 11 
2560 10 
2720 12 
2880 14 
3040 10 
3200 12 
3360 12 
3520 10 
3680 13 
3840 14 
4000 11 
4160 10 
4320 12 
4480 10 
4640 12 
4800 11 
4960 11 
5120 8 
5280 12 
5440 13 
5600 15 
5760 12 
5920 16 
6080 13 
6240 13 
6400 14 
6560 15 
6720 14 
6880 14 
7040 15 
7200 14 
7360 16 
7520 14 
7680 11 
7840 15 
8000 10 
8160 16 
8320 12 
8480 16 
8640 14 
8800 15 
8960 15 
9120 14 
9280 16 
9440 18 
9600 16 
9760 18 
9920 15 
10080 16 
10240 17 
10400 15 
10560 20 
10720 16 
10880 17 
11040 17 
11200 14 
11360 17 
11520 17 
11680 15 
11840 17 
12000 14 
12160 19 
12320 16 
12480 14 
12640 18 
12800 19 
12960 16 
13120 22 
13280 21 
13440 19 
13600 25 
13760 18 
13920 23 
14080 18 
14240 21 
14400 19 
14560 23 
14720 21 
14880 24 
15040 28 
15200 19 
15360 21 
15520 20 
15680 19 
15840 19 
16000 19 
16160 22 
16320 20 
16480 18 
16640 23 
16800 19 
16960 17 
17120 21 
17280 19 
17440 19 
17600 26 
17760 25 
17920 24 
18080 26 
18240 23 
18400 27 
18560 29 
18720 30 
18880 28 
19040 28 
19200 41 
19360 25 
19520 29 
19680 28 
19840 23 
20000 29 
20160 28 
20320 28 
20480 27 
20640 27 
20800 29 
20960 26 
21120 24 
21280 27 
21440 26 
21600 28 
21760 25 
21920 27 
22080 27 
22240 24 
22400 26 
22560 37 
22720 31 
22880 29 
23040 41 
23200 29 
23360 34 
23520 28 
23680 41 
