worker
160 18 
320 19 
480 4 
640 3 
800 1 
960 5 
1120 5 
1280 6 
1440 3 
1600 4 
1760 3 
1920 5 
2080 7 
2240 13 
2400 14 
2560 14 
2720 17 
2880 15 
3040 17 
3200 17 
3360 16 
3520 18 
3680 16 
3840 13 
4000 15 
4160 14 
4320 16 
4480 15 
4640 16 
4800 17 
4960 18 
5120 16 
5280 20 
5440 19 
5600 19 
5760 21 
5920 18 
6080 18 
6240 18 
6400 18 
6560 17 
6720 16 
6880 14 
7040 17 
7200 18 
7360 17 
7520 18 
7680 18 
7840 26 
8000 20 
8160 19 
8320 22 
8480 19 
8640 22 
8800 19 
8960 23 
9120 22 
9280 24 
9440 22 
9600 23 
9760 18 
9920 17 
10080 19 
10240 22 
10400 18 
10560 21 
10720 20 
10880 17 
11040 25 
11200 22 
11360 20 
11520 27 
11680 26 
11840 25 
12000 29 
12160 28 
12320 30 
12480 22 
12640 28 
12800 32 
12960 40 
13120 26 
13280 29 
13440 30 
13600 30 
13760 31 
13920 27 
14080 29 
14240 29 
14400 30 
14560 31 
14720 28 
14880 27 
15040 35 
15200 34 
15360 35 
15520 36 
15680 35 
15840 35 
16000 40 
16160 35 
16320 45 
16480 37 
16640 30 
16800 31 
16960 33 
17120 30 
17280 34 
17440 32 
17600 33 
17760 34 
17920 31 
18080 32 
18240 36 
18400 31 
18560 33 
18720 31 
18880 32 
19040 37 
19200 42 
19360 41 
19520 39 
19680 42 
19840 44 
20000 49 
20160 69 
20320 40 
20480 35 
20640 40 
20800 40 
20960 40 
21120 35 
21280 41 
21440 39 
21600 38 
21760 37 
21920 40 
22080 42 
22240 35 
22400 37 
22560 38 
22720 39 
22880 41 
23040 44 
23200 50 
23360 56 
23520 54 
23680 52 
23840 51 
24000 40 
24160 57 
