worker
160 12 
320 18 
480 6 
640 3 
800 3 
960 6 
1120 4 
1280 3 
1440 5 
1600 3 
1760 4 
1920 3 
2080 5 
2240 6 
2400 4 
2560 3 
2720 8 
2880 4 
3040 5 
3200 5 
3360 6 
3520 5 
3680 4 
3840 7 
4000 4 
4160 6 
4320 6 
4480 6 
4640 7 
4800 7 
4960 11 
5120 5 
5280 7 
5440 7 
5600 6 
5760 5 
5920 6 
6080 7 
6240 13 
6400 8 
6560 9 
6720 6 
6880 7 
7040 9 
7200 10 
7360 9 
7520 9 
7680 12 
7840 8 
8000 10 
8160 12 
8320 11 
8480 13 
8640 10 
8800 13 
8960 11 
9120 11 
9280 16 
9440 8 
9600 11 
9760 8 
9920 14 
10080 11 
10240 9 
10400 12 
10560 13 
10720 9 
10880 15 
11040 10 
11200 11 
11360 13 
11520 14 
11680 11 
11840 11 
12000 16 
12160 12 
12320 14 
12480 13 
12640 10 
12800 20 
12960 17 
13120 16 
13280 16 
13440 12 
13600 11 
13760 16 
13920 12 
14080 14 
14240 16 
14400 13 
14560 17 
14720 17 
14880 14 
15040 13 
15200 17 
15360 19 
15520 16 
15680 18 
15840 18 
16000 20 
16160 22 
16320 22 
16480 21 
16640 21 
16800 18 
16960 23 
17120 22 
17280 25 
17440 21 
17600 23 
17760 18 
17920 20 
18080 18 
18240 21 
18400 16 
18560 17 
18720 16 
18880 18 
19040 20 
19200 17 
19360 21 
19520 18 
19680 21 
19840 22 
20000 19 
20160 27 
20320 21 
20480 27 
20640 28 
20800 23 
20960 26 
21120 29 
21280 24 
21440 20 
21600 24 
21760 22 
21920 23 
22080 28 
22240 20 
22400 18 
22560 20 
22720 19 
22880 20 
23040 18 
23200 21 
23360 18 
23520 20 
23680 23 
23840 22 
24000 25 
24160 20 
24320 27 
