worker
160 18 
320 20 
480 3 
640 6 
800 3 
960 4 
1120 4 
1280 5 
1440 4 
1600 5 
1760 3 
1920 4 
2080 7 
2240 4 
2400 5 
2560 6 
2720 6 
2880 8 
3040 6 
3200 5 
3360 8 
3520 5 
3680 8 
3840 6 
4000 9 
4160 10 
4320 10 
4480 9 
4640 8 
4800 9 
4960 10 
5120 11 
5280 10 
5440 10 
5600 10 
5760 10 
5920 11 
6080 12 
6240 16 
6400 10 
6560 13 
6720 10 
6880 13 
7040 15 
7200 15 
7360 13 
7520 11 
7680 12 
7840 10 
8000 13 
8160 9 
8320 12 
8480 13 
8640 11 
8800 8 
8960 13 
9120 15 
9280 14 
9440 12 
9600 17 
9760 13 
9920 15 
10080 16 
10240 18 
10400 15 
10560 17 
10720 19 
10880 16 
11040 21 
11200 14 
11360 21 
11520 15 
11680 21 
11840 13 
12000 15 
12160 14 
12320 13 
12480 16 
12640 16 
12800 17 
12960 16 
13120 19 
13280 15 
13440 17 
13600 17 
13760 17 
13920 21 
14080 22 
14240 19 
14400 17 
14560 23 
14720 22 
14880 19 
15040 19 
15200 19 
15360 20 
15520 19 
15680 20 
15840 23 
16000 25 
16160 15 
16320 19 
16480 16 
16640 21 
16800 15 
16960 20 
17120 19 
17280 18 
17440 17 
17600 20 
17760 16 
17920 20 
18080 19 
18240 15 
18400 18 
18560 21 
18720 26 
18880 20 
19040 23 
19200 27 
19360 23 
19520 28 
19680 28 
19840 25 
20000 28 
20160 29 
20320 28 
20480 26 
20640 39 
20800 26 
20960 20 
21120 22 
21280 22 
21440 26 
21600 26 
21760 26 
21920 25 
22080 27 
22240 24 
22400 23 
22560 25 
22720 26 
22880 23 
23040 25 
23200 25 
23360 27 
23520 22 
23680 31 
