worker
160 25 
320 12 
480 5 
640 3 
800 7 
960 3 
1120 5 
1280 4 
1440 3 
1600 4 
1760 3 
1920 3 
2080 3 
2240 5 
2400 4 
2560 6 
2720 7 
2880 6 
3040 6 
3200 5 
3360 4 
3520 5 
3680 3 
3840 6 
4000 12 
4160 5 
4320 5 
4480 5 
4640 9 
4800 7 
4960 8 
5120 8 
5280 5 
5440 7 
5600 5 
5760 8 
5920 9 
6080 7 
6240 7 
6400 6 
6560 7 
6720 7 
6880 5 
7040 7 
7200 7 
7360 7 
7520 7 
7680 7 
7840 7 
8000 8 
8160 10 
8320 6 
8480 8 
8640 10 
8800 11 
8960 10 
9120 10 
9280 10 
9440 13 
9600 11 
9760 8 
9920 10 
10080 12 
10240 8 
10400 8 
10560 10 
10720 10 
10880 10 
11040 7 
11200 11 
11360 11 
11520 10 
11680 8 
11840 11 
12000 11 
12160 12 
12320 10 
12480 12 
12640 15 
12800 10 
12960 10 
13120 11 
13280 17 
13440 13 
13600 14 
13760 14 
13920 17 
14080 13 
14240 18 
14400 11 
14560 13 
14720 11 
14880 13 
15040 12 
15200 11 
15360 11 
15520 12 
15680 14 
15840 13 
16000 14 
16160 10 
16320 14 
16480 17 
16640 14 
16800 14 
16960 20 
17120 18 
17280 18 
17440 20 
17600 19 
17760 16 
17920 17 
18080 20 
18240 17 
18400 21 
18560 17 
18720 22 
18880 16 
19040 13 
19200 18 
19360 15 
19520 16 
19680 17 
19840 16 
20000 20 
20160 15 
20320 19 
20480 17 
20640 15 
20800 20 
20960 22 
21120 20 
21280 19 
21440 21 
21600 23 
21760 23 
21920 26 
22080 22 
22240 26 
22400 26 
22560 25 
22720 21 
22880 26 
23040 21 
23200 27 
23360 21 
23520 27 
23680 20 
23840 29 
24000 21 
24160 23 
24320 22 
