worker
160 12 
320 18 
480 7 
640 1 
800 3 
960 6 
1120 2 
1280 5 
1440 5 
1600 3 
1760 4 
1920 6 
2080 13 
2240 15 
2400 11 
2560 11 
2720 14 
2880 14 
3040 16 
3200 14 
3360 14 
3520 15 
3680 16 
3840 17 
4000 13 
4160 14 
4320 15 
4480 14 
4640 13 
4800 14 
4960 13 
5120 16 
5280 16 
5440 19 
5600 17 
5760 20 
5920 20 
6080 19 
6240 18 
6400 19 
6560 21 
6720 19 
6880 17 
7040 19 
7200 18 
7360 19 
7520 16 
7680 17 
7840 19 
8000 20 
8160 23 
8320 21 
8480 24 
8640 25 
8800 22 
8960 27 
9120 22 
9280 25 
9440 25 
9600 27 
9760 27 
9920 23 
10080 26 
10240 27 
10400 24 
10560 23 
10720 26 
10880 23 
11040 25 
11200 26 
11360 25 
11520 29 
11680 34 
11840 31 
12000 29 
12160 30 
12320 30 
12480 30 
12640 31 
12800 37 
12960 25 
13120 27 
13280 24 
13440 26 
13600 28 
13760 25 
13920 27 
14080 24 
14240 29 
14400 24 
14560 27 
14720 29 
14880 29 
15040 34 
15200 36 
15360 35 
15520 33 
15680 35 
15840 30 
16000 33 
16160 34 
16320 48 
16480 29 
16640 29 
16800 28 
16960 29 
17120 28 
17280 30 
17440 29 
17600 29 
17760 31 
17920 29 
18080 28 
18240 28 
18400 29 
18560 28 
18720 26 
18880 30 
19040 28 
19200 30 
19360 40 
19520 44 
19680 36 
19840 38 
20000 39 
20160 39 
20320 45 
20480 58 
20640 34 
20800 37 
20960 33 
21120 37 
21280 30 
21440 38 
21600 34 
21760 37 
21920 33 
22080 37 
22240 31 
22400 34 
22560 34 
22720 32 
22880 35 
23040 36 
23200 37 
23360 37 
23520 37 
23680 33 
23840 40 
