balancer
60 17 
120 11 
180 10 
240 11 
300 11 
360 11 
420 9 
480 13 
540 14 
600 12 
660 11 
720 11 
780 15 
840 16 
900 14 
960 13 
1020 15 
1080 13 
1140 15 
1200 17 
1260 18 
1320 17 
1380 15 
1440 15 
1500 20 
1560 22 
1620 21 
1680 19 
1740 19 
1800 20 
1860 21 
1920 19 
1980 24 
2040 24 
2100 25 
2160 27 
2220 25 
2280 26 
2340 27 
2400 26 
2460 28 
2520 25 
2580 28 
2640 26 
2700 26 
2760 29 
2820 28 
2880 32 
2940 33 
3000 30 
3060 32 
3120 32 
3180 31 
3240 36 
3300 35 
3360 37 
3420 38 
3480 36 
3540 36 
3600 35 
3660 36 
3720 38 
3780 42 
3840 43 
3900 47 
3960 44 
4020 45 
4080 50 
4140 52 
4200 52 
4260 49 
4320 49 
4380 50 
4440 54 
4500 55 
4560 54 
4620 50 
4680 52 
4740 52 
4800 51 
4860 57 
4920 57 
4980 53 
5040 50 
5100 50 
5160 54 
5220 53 
5280 58 
5340 52 
5400 51 
5460 55 
5520 61 
5580 59 
5640 62 
5700 60 
5760 63 
5820 53 
5880 53 
5940 62 
6000 63 
6060 64 
6120 58 
6180 63 
6240 72 
6300 69 
6360 67 
6420 67 
6480 62 
6540 63 
6600 59 
6660 58 
6720 67 
6780 74 
6840 71 
6900 62 
6960 61 
7020 66 
7080 60 
7140 70 
