balancer
60 12 
120 6 
180 4 
240 6 
300 6 
360 4 
420 6 
480 7 
540 6 
600 9 
660 8 
720 7 
780 7 
840 8 
900 9 
960 9 
1020 8 
1080 10 
1140 7 
1200 8 
1260 9 
1320 8 
1380 9 
1440 11 
1500 10 
1560 13 
1620 14 
1680 12 
1740 11 
1800 12 
1860 12 
1920 16 
1980 14 
2040 15 
2100 16 
2160 14 
2220 15 
2280 17 
2340 17 
2400 16 
2460 18 
2520 21 
2580 18 
2640 20 
2700 19 
2760 18 
2820 20 
2880 20 
2940 21 
3000 21 
3060 21 
3120 27 
3180 26 
3240 22 
3300 25 
3360 24 
3420 23 
3480 25 
3540 26 
3600 25 
3660 27 
3720 30 
3780 30 
3840 27 
3900 27 
3960 28 
4020 28 
4080 33 
4140 35 
4200 37 
4260 30 
4320 34 
4380 33 
4440 37 
4500 38 
4560 38 
4620 38 
4680 35 
4740 34 
4800 33 
4860 38 
4920 41 
4980 46 
5040 44 
5100 39 
5160 39 
5220 41 
5280 44 
5340 48 
5400 44 
5460 43 
5520 44 
5580 49 
5640 47 
5700 55 
5760 55 
5820 47 
5880 46 
5940 49 
6000 53 
6060 54 
6120 55 
6180 56 
6240 55 
6300 53 
6360 56 
6420 63 
6480 59 
6540 56 
6600 54 
6660 56 
6720 57 
6780 62 
6840 59 
6900 52 
6960 60 
7020 64 
7080 56 
7140 62 
