balancer
60 18 
120 9 
180 9 
240 9 
300 10 
360 11 
420 13 
480 13 
540 17 
600 13 
660 13 
720 11 
780 15 
840 18 
900 20 
960 15 
1020 15 
1080 16 
1140 17 
1200 22 
1260 19 
1320 18 
1380 20 
1440 23 
1500 24 
1560 25 
1620 23 
1680 23 
1740 23 
1800 23 
1860 24 
1920 27 
1980 31 
2040 27 
2100 26 
2160 26 
2220 31 
2280 35 
2340 27 
2400 28 
2460 31 
2520 29 
2580 34 
2640 34 
2700 37 
2760 32 
2820 32 
2880 35 
2940 36 
3000 38 
3060 38 
3120 40 
3180 37 
3240 40 
3300 40 
3360 43 
3420 44 
3480 45 
3540 40 
3600 40 
3660 41 
3720 44 
3780 49 
3840 52 
3900 47 
3960 48 
4020 46 
4080 53 
4140 63 
4200 67 
4260 66 
4320 67 
4380 55 
4440 72 
4500 66 
4560 60 
4620 64 
4680 68 
4740 71 
4800 65 
4860 67 
4920 65 
4980 70 
5040 70 
5100 65 
5160 60 
5220 61 
5280 68 
5340 64 
5400 56 
5460 58 
5520 61 
5580 62 
5640 62 
5700 66 
5760 67 
5820 64 
5880 58 
5940 69 
6000 74 
6060 67 
6120 62 
6180 63 
6240 67 
6300 71 
6360 70 
6420 78 
6480 75 
6540 71 
6600 67 
6660 77 
6720 80 
6780 80 
6840 79 
6900 77 
6960 77 
7020 80 
7080 74 
7140 77 
