balancer
60 27 
120 20 
180 20 
240 24 
300 32 
360 31 
420 36 
480 33 
540 36 
600 35 
660 38 
720 39 
780 36 
840 38 
900 39 
960 41 
1020 38 
1080 38 
1140 42 
1200 49 
1260 42 
1320 40 
1380 45 
1440 59 
1500 57 
1560 55 
1620 57 
1680 59 
1740 55 
1800 56 
1860 60 
1920 58 
1980 58 
2040 57 
2100 60 
2160 63 
2220 56 
2280 61 
2340 62 
2400 61 
2460 62 
2520 60 
2580 65 
2640 67 
2700 63 
2760 63 
2820 67 
2880 67 
2940 66 
3000 65 
3060 70 
3120 66 
3180 65 
3240 69 
3300 74 
3360 69 
3420 69 
3480 68 
3540 71 
3600 69 
3660 71 
3720 69 
3780 79 
3840 82 
3900 82 
3960 82 
4020 78 
4080 83 
4140 87 
4200 76 
4260 76 
4320 86 
4380 79 
4440 88 
4500 83 
4560 83 
4620 78 
4680 83 
4740 92 
4800 87 
4860 81 
4920 76 
4980 75 
5040 85 
5100 91 
5160 77 
5220 70 
5280 70 
5340 73 
5400 78 
5460 81 
5520 83 
5580 85 
5640 85 
5700 84 
5760 82 
5820 71 
5880 63 
5940 75 
6000 77 
6060 86 
6120 77 
6180 83 
6240 81 
6300 76 
6360 79 
6420 81 
6480 77 
6540 78 
6600 75 
6660 77 
6720 78 
6780 78 
6840 78 
6900 77 
6960 78 
7020 82 
7080 77 
7140 78 
