store
60 32 
120 7 
180 8 
240 7 
300 5 
360 8 
420 7 
480 6 
540 7 
600 7 
660 8 
720 7 
780 8 
840 7 
900 8 
960 8 
1020 7 
1080 6 
1140 7 
1200 7 
1260 7 
1320 7 
1380 8 
1440 8 
1500 7 
1560 8 
1620 8 
1680 8 
1740 7 
1800 8 
1860 8 
1920 7 
1980 10 
2040 7 
2100 8 
2160 9 
2220 6 
2280 6 
2340 7 
2400 8 
2460 7 
2520 7 
2580 8 
2640 7 
2700 8 
2760 6 
2820 8 
2880 7 
2940 9 
3000 8 
3060 8 
3120 8 
3180 9 
3240 8 
3300 8 
3360 8 
3420 9 
3480 9 
3540 9 
3600 9 
3660 8 
3720 10 
3780 8 
3840 10 
3900 9 
3960 11 
4020 6 
4080 9 
4140 8 
4200 8 
4260 7 
4320 7 
4380 8 
4440 8 
4500 7 
4560 8 
4620 7 
4680 8 
4740 7 
4800 8 
4860 8 
4920 6 
4980 9 
5040 9 
5100 10 
5160 9 
5220 9 
5280 8 
5340 9 
5400 8 
5460 10 
5520 8 
5580 10 
5640 10 
5700 10 
5760 10 
5820 11 
5880 8 
5940 13 
6000 7 
6060 8 
6120 8 
6180 7 
6240 8 
6300 8 
6360 8 
6420 7 
6480 8 
6540 7 
6600 8 
6660 7 
6720 7 
6780 7 
6840 8 
6900 7 
6960 7 
7020 7 
7080 8 
7140 7 
7200 8 
