worker
60 13 
120 21 
180 8 
240 15 
300 10 
360 11 
420 15 
480 14 
540 17 
600 13 
660 17 
720 16 
780 19 
840 20 
900 20 
960 23 
1020 18 
1080 17 
1140 19 
1200 18 
1260 17 
1320 22 
1380 24 
1440 27 
1500 45 
1560 36 
1620 37 
1680 39 
1740 38 
1800 45 
1860 47 
1920 44 
1980 39 
2040 39 
2100 51 
2160 55 
2220 42 
2280 47 
2340 39 
2400 46 
2460 47 
2520 56 
2580 52 
2640 48 
2700 50 
2760 46 
2820 47 
2880 51 
2940 56 
3000 54 
3060 49 
3120 52 
3180 50 
3240 53 
3300 63 
3360 72 
3420 61 
3480 57 
3540 59 
3600 59 
3660 57 
3720 71 
3780 76 
3840 68 
3900 67 
3960 66 
4020 63 
4080 76 
4140 88 
4200 75 
4260 61 
4320 67 
4380 67 
4440 75 
4500 85 
4560 93 
4620 68 
4680 67 
4740 76 
4800 67 
4860 63 
4920 71 
4980 95 
5040 70 
5100 73 
5160 73 
5220 71 
5280 77 
5340 94 
5400 100 
5460 95 
5520 88 
5580 85 
5640 81 
5700 95 
5760 92 
5820 92 
5880 77 
5940 75 
6000 86 
6060 83 
6120 91 
6180 100 
6240 96 
6300 94 
6360 86 
6420 75 
6480 82 
6540 95 
6600 98 
6660 91 
6720 89 
6780 88 
6840 91 
6900 91 
6960 88 
7020 100 
7080 93 
7140 101 
7200 91 
