worker
60 13 
120 26 
180 16 
240 12 
300 23 
360 36 
420 29 
480 34 
540 36 
600 34 
660 38 
720 47 
780 36 
840 36 
900 37 
960 48 
1020 40 
1080 37 
1140 38 
1200 39 
1260 54 
1320 52 
1380 39 
1440 43 
1500 47 
1560 52 
1620 59 
1680 46 
1740 44 
1800 47 
1860 44 
1920 56 
1980 59 
2040 52 
2100 47 
2160 49 
2220 59 
2280 59 
2340 64 
2400 51 
2460 52 
2520 53 
2580 55 
2640 66 
2700 69 
2760 58 
2820 59 
2880 56 
2940 65 
3000 70 
3060 71 
3120 61 
3180 62 
3240 62 
3300 68 
3360 78 
3420 71 
3480 67 
3540 67 
3600 72 
3660 79 
3720 80 
3780 71 
3840 80 
3900 83 
3960 97 
4020 97 
4080 80 
4140 89 
4200 85 
4260 94 
4320 100 
4380 101 
4440 87 
4500 89 
4560 86 
4620 100 
4680 99 
4740 83 
4800 100 
4860 99 
4920 100 
4980 101 
5040 96 
5100 86 
5160 90 
5220 80 
5280 79 
5340 94 
5400 96 
5460 88 
5520 88 
5580 94 
5640 95 
5700 92 
5760 101 
5820 101 
5880 96 
5940 79 
6000 76 
6060 97 
6120 101 
6180 101 
6240 100 
6300 101 
6360 96 
6420 92 
6480 101 
6540 101 
6600 91 
6660 90 
6720 82 
6780 95 
6840 102 
6900 100 
6960 102 
7020 86 
7080 88 
7140 98 
7200 78 
