worker
60 13 
120 19 
180 12 
240 11 
300 9 
360 12 
420 14 
480 15 
540 15 
600 19 
660 12 
720 12 
780 12 
840 16 
900 19 
960 22 
1020 22 
1080 21 
1140 16 
1200 16 
1260 19 
1320 17 
1380 18 
1440 21 
1500 22 
1560 25 
1620 31 
1680 29 
1740 32 
1800 23 
1860 24 
1920 21 
1980 28 
2040 25 
2100 24 
2160 26 
2220 28 
2280 32 
2340 47 
2400 28 
2460 32 
2520 29 
2580 31 
2640 31 
2700 29 
2760 37 
2820 40 
2880 44 
2940 44 
3000 35 
3060 35 
3120 35 
3180 35 
3240 38 
3300 37 
3360 47 
3420 45 
3480 54 
3540 49 
3600 40 
3660 42 
3720 41 
3780 41 
3840 44 
3900 45 
3960 51 
4020 50 
4080 61 
4140 48 
4200 61 
4260 61 
4320 63 
4380 64 
4440 59 
4500 80 
4560 78 
4620 70 
4680 59 
4740 67 
4800 68 
4860 68 
4920 76 
4980 92 
5040 63 
5100 72 
5160 75 
5220 67 
5280 73 
5340 94 
5400 82 
5460 64 
5520 63 
5580 64 
5640 68 
5700 68 
5760 78 
5820 94 
5880 82 
5940 84 
6000 75 
6060 79 
6120 75 
6180 87 
6240 90 
6300 89 
6360 76 
6420 69 
6480 84 
6540 86 
6600 88 
6660 95 
6720 94 
6780 93 
6840 91 
6900 89 
6960 83 
7020 92 
7080 96 
7140 101 
7200 98 
