clientJon
40 26 
80 17 
120 11 
160 11 
200 13 
240 13 
280 12 
320 16 
360 18 
400 17 
440 20 
480 22 
520 28 
560 32 
600 23 
640 21 
680 23 
720 31 
760 32 
800 25 
840 27 
880 31 
920 40 
960 28 
1000 27 
1040 28 
1080 37 
1120 41 
1160 30 
1200 36 
1240 51 
1280 41 
1320 38 
1360 44 
1400 54 
1440 39 
1480 39 
1520 46 
1560 60 
1600 41 
1640 44 
1680 46 
1720 52 
1760 45 
1800 48 
1840 57 
1880 46 
1920 47 
1960 55 
2000 56 
2040 46 
2080 49 
2120 63 
2160 52 
2200 49 
2240 60 
2280 69 
2320 52 
2360 60 
2400 73 
