clientJon
40 26 
80 17 
120 10 
160 10 
200 13 
240 12 
280 12 
320 17 
360 19 
400 14 
440 17 
480 16 
520 16 
560 18 
600 21 
640 23 
680 20 
720 17 
760 19 
800 22 
840 26 
880 33 
920 28 
960 23 
1000 27 
1040 31 
1080 37 
1120 27 
1160 27 
1200 33 
1240 43 
1280 33 
1320 30 
1360 36 
1400 46 
1440 39 
1480 31 
1520 34 
1560 36 
1600 53 
1640 36 
1680 40 
1720 45 
1760 55 
1800 41 
1840 41 
1880 45 
1920 56 
1960 40 
2000 43 
2040 50 
2080 61 
2120 52 
2160 50 
2200 48 
2240 68 
2280 60 
2320 54 
2360 51 
2400 65 
