balancer
40 26 
80 25 
120 27 
160 33 
200 33 
240 30 
280 32 
320 32 
360 35 
400 33 
440 33 
480 36 
520 39 
560 36 
600 37 
640 43 
680 43 
720 42 
760 43 
800 47 
840 42 
880 46 
920 51 
960 51 
1000 53 
1040 63 
1080 66 
1120 60 
1160 66 
1200 66 
1240 62 
1280 69 
1320 69 
1360 64 
1400 71 
1440 72 
1480 74 
1520 77 
1560 73 
1600 71 
1640 76 
1680 82 
1720 77 
1760 77 
1800 83 
1840 80 
1880 76 
1920 85 
1960 89 
2000 83 
2040 82 
2080 89 
2120 90 
2160 87 
2200 94 
2240 95 
2280 87 
2320 86 
2360 92 
