clientSocket
40 71 
80 2 
120 6 
160 7 
200 7 
240 7 
280 10 
320 10 
360 11 
400 11 
440 13 
480 13 
520 13 
560 15 
600 14 
640 15 
680 16 
720 16 
760 17 
800 17 
840 19 
880 19 
920 20 
960 18 
1000 21 
1040 22 
1080 21 
1120 22 
1160 22 
1200 22 
1240 23 
1280 25 
1320 27 
1360 25 
1400 27 
1440 27 
1480 27 
1520 31 
1560 32 
1600 30 
1640 31 
1680 32 
1720 34 
1760 32 
1800 33 
1840 33 
1880 35 
1920 35 
1960 34 
2000 35 
2040 38 
2080 37 
2120 38 
2160 38 
2200 43 
2240 49 
2280 46 
2320 46 
2360 47 
2400 46 
2440 49 
2480 49 
2520 47 
2560 54 
2600 50 
2640 52 
2680 53 
2720 52 
2760 53 
2800 59 
2840 56 
2880 58 
2920 59 
2960 57 
3000 60 
3040 58 
3080 61 
3120 58 
3160 61 
3200 60 
