clientJon
160 25 
320 18 
480 6 
640 5 
800 4 
960 6 
1120 6 
1280 5 
1440 5 
1600 4 
1760 4 
1920 5 
2080 6 
2240 7 
2400 7 
2560 8 
2720 9 
2880 8 
3040 9 
3200 6 
3360 6 
3520 7 
3680 6 
3840 7 
4000 8 
4160 8 
4320 12 
4480 21 
4640 19 
4800 17 
4960 16 
5120 15 
5280 15 
5440 17 
5600 18 
5760 20 
5920 22 
6080 20 
6240 15 
6400 17 
6560 17 
6720 18 
6880 18 
7040 23 
7200 32 
7360 26 
7520 22 
7680 23 
7840 24 
8000 26 
8160 31 
8320 34 
8480 25 
8640 25 
8800 24 
8960 25 
9120 29 
9280 37 
9440 34 
9600 26 
9760 27 
9920 25 
10080 28 
10240 33 
10400 38 
10560 33 
10720 26 
10880 28 
11040 25 
11200 28 
11360 29 
11520 34 
11680 41 
11840 36 
12000 28 
12160 28 
12320 29 
12480 27 
12640 32 
12800 37 
12960 43 
13120 34 
13280 30 
13440 32 
13600 30 
13760 30 
13920 35 
14080 42 
14240 45 
14400 35 
14560 31 
14720 31 
14880 32 
15040 35 
15200 40 
15360 48 
15520 41 
15680 33 
15840 32 
16000 32 
16160 35 
16320 38 
16480 45 
16640 39 
16800 35 
16960 35 
17120 33 
17280 35 
17440 39 
17600 42 
17760 48 
17920 43 
18080 36 
18240 37 
18400 34 
18560 38 
18720 39 
18880 45 
19040 58 
19200 45 
19360 38 
19520 37 
19680 36 
19840 38 
20000 42 
20160 44 
20320 52 
20480 46 
20640 39 
20800 43 
20960 38 
21120 42 
21280 46 
21440 54 
21600 56 
21760 43 
21920 42 
22080 43 
22240 39 
22400 45 
22560 47 
22720 52 
22880 41 
23040 43 
23200 43 
23360 46 
23520 49 
23680 57 
23840 66 
