clientJon
160 31 
320 18 
480 6 
640 5 
800 6 
960 6 
1120 7 
1280 4 
1440 6 
1600 7 
1760 6 
1920 7 
2080 9 
2240 11 
2400 10 
2560 11 
2720 7 
2880 10 
3040 9 
3200 12 
3360 10 
3520 15 
3680 12 
3840 12 
4000 9 
4160 10 
4320 11 
4480 10 
4640 10 
4800 11 
4960 11 
5120 13 
5280 16 
5440 16 
5600 14 
5760 14 
5920 12 
6080 14 
6240 13 
6400 13 
6560 16 
6720 15 
6880 17 
7040 21 
7200 20 
7360 19 
7520 14 
7680 15 
7840 15 
8000 15 
8160 19 
8320 17 
8480 23 
8640 24 
8800 25 
8960 16 
9120 17 
9280 17 
9440 16 
9600 21 
9760 20 
9920 25 
10080 27 
10240 25 
10400 19 
10560 18 
10720 18 
10880 20 
11040 18 
11200 19 
11360 23 
11520 24 
11680 28 
11840 30 
12000 23 
12160 22 
12320 20 
12480 21 
12640 20 
12800 22 
12960 25 
13120 26 
13280 32 
13440 31 
13600 28 
13760 24 
13920 22 
14080 23 
14240 22 
14400 27 
14560 28 
14720 31 
14880 36 
15040 30 
15200 25 
15360 26 
15520 24 
15680 25 
15840 27 
16000 30 
16160 34 
16320 37 
16480 29 
16640 27 
16800 24 
16960 26 
17120 28 
17280 32 
17440 30 
17600 39 
17760 40 
17920 26 
18080 27 
18240 29 
18400 28 
18560 32 
18720 34 
18880 36 
19040 45 
19200 36 
19360 30 
19520 28 
19680 28 
19840 29 
20000 30 
20160 33 
20320 34 
20480 43 
20640 45 
20800 36 
20960 32 
21120 34 
21280 34 
21440 34 
21600 39 
21760 42 
21920 46 
22080 48 
22240 36 
22400 34 
22560 34 
22720 35 
22880 35 
23040 40 
23200 41 
23360 47 
23520 65 
23680 39 
