clientJon
160 38 
320 17 
480 8 
640 4 
800 7 
960 5 
1120 6 
1280 6 
1440 5 
1600 6 
1760 5 
1920 6 
2080 8 
2240 8 
2400 11 
2560 9 
2720 8 
2880 7 
3040 6 
3200 8 
3360 8 
3520 6 
3680 9 
3840 7 
4000 10 
4160 9 
4320 12 
4480 14 
4640 14 
4800 13 
4960 12 
5120 9 
5280 10 
5440 10 
5600 9 
5760 11 
5920 12 
6080 12 
6240 12 
6400 15 
6560 16 
6720 15 
6880 17 
7040 11 
7200 12 
7360 12 
7520 11 
7680 11 
7840 14 
8000 14 
8160 15 
8320 17 
8480 21 
8640 19 
8800 19 
8960 13 
9120 13 
9280 14 
9440 14 
9600 16 
9760 18 
9920 19 
10080 22 
10240 25 
10400 21 
10560 17 
10720 17 
10880 16 
11040 18 
11200 19 
11360 21 
11520 21 
11680 26 
11840 25 
12000 22 
12160 18 
12320 19 
12480 20 
12640 19 
12800 19 
12960 23 
13120 22 
13280 25 
13440 30 
13600 29 
13760 23 
13920 23 
14080 22 
14240 24 
14400 24 
14560 28 
14720 29 
14880 34 
15040 35 
15200 29 
15360 26 
15520 24 
15680 24 
15840 24 
16000 26 
16160 30 
16320 32 
16480 35 
16640 37 
16800 26 
16960 28 
17120 27 
17280 28 
17440 26 
17600 31 
17760 33 
17920 37 
18080 43 
18240 32 
18400 29 
18560 29 
18720 30 
18880 28 
19040 33 
19200 34 
19360 38 
19520 48 
19680 32 
19840 29 
20000 29 
20160 29 
20320 35 
20480 38 
20640 36 
20800 46 
20960 41 
21120 34 
21280 33 
21440 30 
21600 31 
21760 41 
21920 37 
22080 45 
22240 41 
22400 34 
22560 31 
22720 32 
22880 35 
23040 40 
23200 40 
23360 56 
23520 50 
23680 35 
