clientJon
160 19 
320 19 
480 5 
640 5 
800 4 
960 5 
1120 4 
1280 7 
1440 6 
1600 6 
1760 6 
1920 4 
2080 7 
2240 7 
2400 6 
2560 7 
2720 7 
2880 8 
3040 8 
3200 10 
3360 10 
3520 12 
3680 11 
3840 9 
4000 9 
4160 8 
4320 10 
4480 11 
4640 8 
4800 12 
4960 11 
5120 11 
5280 14 
5440 14 
5600 15 
5760 13 
5920 12 
6080 10 
6240 11 
6400 11 
6560 11 
6720 13 
6880 13 
7040 14 
7200 19 
7360 17 
7520 18 
7680 12 
7840 12 
8000 13 
8160 13 
8320 13 
8480 14 
8640 16 
8800 17 
8960 21 
9120 21 
9280 21 
9440 14 
9600 16 
9760 16 
9920 14 
10080 15 
10240 17 
10400 18 
10560 20 
10720 21 
10880 24 
11040 20 
11200 15 
11360 17 
11520 15 
11680 17 
11840 16 
12000 17 
12160 20 
12320 21 
12480 22 
12640 26 
12800 28 
12960 22 
13120 18 
13280 19 
13440 19 
13600 21 
13760 24 
13920 24 
14080 27 
14240 33 
14400 29 
14560 28 
14720 24 
14880 22 
15040 23 
15200 23 
15360 27 
15520 28 
15680 29 
15840 36 
16000 30 
16160 23 
16320 26 
16480 26 
16640 22 
16800 30 
16960 29 
17120 33 
17280 34 
17440 35 
17600 26 
17760 26 
17920 27 
18080 26 
18240 26 
18400 30 
18560 32 
18720 35 
18880 39 
19040 32 
19200 27 
19360 27 
19520 26 
19680 27 
19840 31 
20000 34 
20160 36 
20320 46 
20480 43 
20640 36 
20800 33 
20960 32 
21120 33 
21280 37 
21440 40 
21600 45 
21760 50 
21920 38 
22080 34 
22240 35 
22400 34 
22560 33 
22720 38 
22880 42 
23040 54 
23200 53 
23360 37 
23520 36 
23680 36 
23840 38 
