clientJon
160 63 
320 25 
480 22 
640 19 
800 19 
960 19 
1120 19 
1280 19 
1440 19 
1600 18 
1760 18 
1920 18 
2080 18 
2240 18 
2400 18 
2560 17 
2720 17 
2880 17 
3040 0 
3200 34 
3360 5 
3520 0 
3680 29 
3840 0 
4000 23 
4160 0 
4320 29 
4480 0 
4640 24 
4800 0 
4960 23 
5120 0 
5280 28 
5440 0 
5600 25 
5760 0 
5920 24 
6080 0 
6240 25 
6400 0 
6560 29 
6720 0 
6880 24 
7040 0 
7200 29 
7360 0 
7520 25 
7680 0 
7840 28 
8000 0 
8160 23 
8320 0 
8480 24 
8640 0 
8800 26 
8960 0 
9120 34 
9280 0 
9440 26 
9600 0 
9760 28 
9920 0 
10080 28 
10240 0 
10400 31 
10560 0 
10720 34 
10880 0 
11040 30 
11200 0 
11360 31 
11520 0 
11680 31 
11840 0 
12000 39 
12160 0 
12320 31 
12480 0 
12640 30 
12800 0 
12960 31 
13120 0 
13280 30 
13440 0 
13600 39 
13760 0 
13920 33 
14080 0 
14240 30 
14400 0 
14560 31 
14720 0 
14880 43 
15040 0 
15200 37 
15360 0 
15520 33 
15680 0 
15840 36 
16000 0 
16160 36 
16320 0 
16480 43 
16640 0 
16800 40 
16960 0 
17120 35 
17280 0 
17440 36 
17600 0 
17760 38 
17920 0 
18080 42 
18240 0 
18400 35 
18560 0 
18720 36 
18880 0 
19040 35 
19200 0 
19360 42 
19520 0 
19680 49 
19840 0 
20000 35 
20160 0 
20320 36 
20480 0 
20640 37 
20800 0 
20960 43 
21120 0 
21280 47 
21440 0 
21600 37 
21760 0 
21920 39 
22080 0 
22240 38 
22400 0 
22560 40 
22720 0 
22880 48 
23040 0 
23200 43 
23360 0 
23520 41 
23680 0 
23840 39 
24000 0 
24160 42 
24320 0 
24480 49 
24640 0 
24800 42 
24960 0 
25120 41 
25280 0 
25440 39 
25600 0 
25760 41 
25920 0 
26080 48 
26240 0 
26400 55 
26560 0 
26720 43 
26880 0 
27040 39 
27200 0 
27360 42 
27520 0 
27680 48 
27840 0 
28000 43 
28160 0 
28320 42 
28480 0 
28640 40 
28800 0 
28960 44 
29120 0 
29280 50 
29440 0 
29600 55 
29760 0 
29920 43 
30080 0 
30240 43 
30400 0 
30560 42 
30720 0 
30880 48 
31040 0 
31200 51 
31360 0 
31520 43 
31680 0 
31840 43 
32000 0 
32160 47 
32320 0 
32480 54 
32640 0 
32800 63 
32960 0 
33120 49 
33280 0 
33440 43 
33600 0 
33760 46 
33920 0 
34080 44 
34240 0 
34400 51 
34560 0 
34720 59 
34880 0 
35040 57 
35200 0 
35360 45 
35520 0 
35680 43 
35840 0 
36000 44 
36160 0 
36320 54 
36480 0 
36640 66 
36800 0 
36960 52 
37120 0 
37280 48 
37440 0 
37600 48 
37760 0 
37920 45 
38080 0 
38240 55 
38400 0 
38560 58 
38720 0 
38880 54 
39040 0 
39200 52 
39360 0 
39520 51 
39680 0 
39840 59 
40000 0 
40160 74 
40320 0 
40480 48 
40640 0 
40800 53 
40960 0 
41120 51 
41280 0 
41440 55 
41600 0 
41760 57 
41920 0 
42080 67 
42240 0 
42400 70 
42560 0 
42720 54 
42880 0 
43040 53 
43200 0 
43360 51 
43520 0 
43680 59 
43840 0 
44000 65 
44160 0 
44320 73 
44480 0 
44640 63 
44800 0 
44960 54 
45120 0 
45280 54 
45440 0 
45600 52 
45760 0 
45920 68 
46080 0 
46240 62 
46400 0 
46560 57 
46720 0 
46880 54 
47040 0 
47200 57 
47360 0 
47520 63 
47680 0 
47840 73 
48000 0 
48160 62 
48320 0 
48480 57 
48640 0 
48800 57 
48960 0 
49120 58 
49280 0 
49440 73 
49600 0 
49760 62 
49920 0 
