clientJon
160 38 
320 17 
480 5 
640 4 
800 5 
960 25 
1120 27 
1280 29 
1440 26 
1600 25 
1760 30 
1920 28 
2080 27 
2240 32 
2400 24 
2560 25 
2720 24 
2880 31 
3040 27 
3200 25 
3360 27 
3520 31 
3680 25 
3840 31 
4000 35 
4160 28 
4320 27 
4480 26 
4640 34 
4800 32 
4960 29 
5120 30 
5280 38 
5440 30 
5600 32 
5760 31 
5920 39 
6080 34 
6240 29 
6400 35 
6560 38 
6720 31 
6880 37 
7040 35 
7200 42 
7360 36 
7520 34 
7680 37 
7840 45 
8000 37 
8160 37 
8320 36 
8480 40 
8640 47 
8800 43 
8960 38 
9120 37 
9280 40 
9440 52 
9600 41 
9760 38 
9920 38 
10080 41 
10240 47 
10400 40 
10560 41 
10720 40 
10880 48 
11040 52 
11200 41 
11360 41 
11520 41 
11680 45 
11840 53 
12000 42 
12160 42 
12320 43 
12480 45 
12640 58 
12800 58 
12960 44 
13120 45 
13280 43 
13440 51 
13600 54 
13760 47 
13920 48 
14080 46 
14240 52 
14400 55 
14560 49 
14720 50 
14880 50 
15040 61 
15200 51 
15360 50 
15520 47 
15680 52 
15840 65 
16000 53 
16160 51 
16320 50 
16480 65 
16640 59 
16800 49 
16960 52 
17120 52 
17280 58 
17440 66 
17600 58 
17760 52 
17920 48 
18080 54 
18240 67 
18400 62 
18560 50 
18720 52 
18880 54 
19040 59 
19200 66 
19360 55 
19520 54 
19680 58 
19840 59 
20000 73 
20160 59 
20320 55 
20480 57 
20640 55 
20800 73 
20960 71 
21120 62 
21280 62 
21440 71 
21600 68 
21760 70 
21920 62 
22080 62 
22240 55 
22400 62 
22560 73 
22720 68 
22880 59 
23040 65 
23200 56 
23360 68 
23520 75 
23680 73 
