clientJon
160 38 
320 18 
480 6 
640 4 
800 6 
960 5 
1120 7 
1280 6 
1440 5 
1600 4 
1760 5 
1920 6 
2080 7 
2240 8 
2400 10 
2560 9 
2720 9 
2880 7 
3040 8 
3200 6 
3360 8 
3520 11 
3680 10 
3840 14 
4000 13 
4160 15 
4320 17 
4480 15 
4640 15 
4800 12 
4960 11 
5120 12 
5280 13 
5440 13 
5600 13 
5760 14 
5920 18 
6080 19 
6240 19 
6400 16 
6560 13 
6720 14 
6880 14 
7040 16 
7200 18 
7360 18 
7520 21 
7680 23 
7840 16 
8000 16 
8160 17 
8320 15 
8480 28 
8640 50 
8800 38 
8960 37 
9120 34 
9280 47 
9440 47 
9600 37 
9760 38 
9920 37 
10080 43 
10240 45 
10400 38 
10560 37 
10720 39 
10880 48 
11040 47 
11200 41 
11360 38 
11520 38 
11680 47 
11840 55 
12000 43 
12160 41 
12320 41 
12480 42 
12640 49 
12800 48 
12960 42 
13120 42 
13280 45 
13440 53 
13600 48 
13760 44 
13920 46 
14080 45 
14240 56 
14400 49 
14560 45 
14720 45 
14880 49 
15040 61 
15200 60 
15360 47 
15520 44 
15680 47 
15840 46 
16000 56 
16160 65 
16320 47 
16480 47 
16640 46 
16800 53 
16960 64 
17120 48 
17280 50 
17440 48 
17600 51 
17760 58 
17920 72 
18080 53 
18240 49 
18400 49 
18560 51 
18720 62 
18880 66 
19040 52 
19200 60 
19360 60 
19520 79 
19680 85 
19840 63 
20000 62 
20160 55 
20320 68 
20480 87 
20640 87 
20800 70 
20960 66 
21120 62 
21280 71 
21440 88 
21600 66 
21760 67 
21920 64 
22080 77 
22240 91 
22400 71 
22560 79 
22720 76 
22880 66 
23040 75 
23200 84 
23360 69 
23520 69 
23680 63 
