clientJon
160 31 
320 18 
480 5 
640 5 
800 4 
960 6 
1120 6 
1280 6 
1440 4 
1600 6 
1760 5 
1920 5 
2080 6 
2240 6 
2400 8 
2560 7 
2720 9 
2880 8 
3040 8 
3200 7 
3360 6 
3520 7 
3680 9 
3840 7 
4000 8 
4160 9 
4320 11 
4480 10 
4640 12 
4800 16 
4960 13 
5120 13 
5280 12 
5440 8 
5600 10 
5760 12 
5920 10 
6080 10 
6240 11 
6400 14 
6560 14 
6720 15 
6880 16 
7040 17 
7200 18 
7360 14 
7520 12 
7680 13 
7840 13 
8000 14 
8160 18 
8320 16 
8480 23 
8640 22 
8800 22 
8960 16 
9120 16 
9280 18 
9440 16 
9600 18 
9760 19 
9920 21 
10080 26 
10240 26 
10400 18 
10560 16 
10720 18 
10880 17 
11040 18 
11200 17 
11360 21 
11520 21 
11680 24 
11840 27 
12000 28 
12160 20 
12320 19 
12480 19 
12640 19 
12800 20 
12960 24 
13120 25 
13280 28 
13440 32 
13600 33 
13760 24 
13920 23 
14080 21 
14240 24 
14400 26 
14560 28 
14720 34 
14880 39 
15040 37 
15200 29 
15360 27 
15520 28 
15680 28 
15840 31 
16000 35 
16160 39 
16320 31 
16480 31 
16640 32 
16800 33 
16960 35 
17120 40 
17280 43 
17440 36 
17600 34 
17760 34 
17920 34 
18080 39 
18240 47 
18400 54 
18560 39 
18720 38 
18880 37 
19040 36 
19200 38 
19360 43 
19520 51 
19680 58 
19840 38 
20000 39 
20160 39 
20320 40 
20480 41 
20640 47 
20800 52 
20960 50 
21120 42 
21280 39 
21440 45 
21600 39 
21760 47 
21920 52 
22080 54 
22240 40 
22400 42 
22560 40 
22720 40 
22880 47 
23040 56 
23200 52 
23360 41 
23520 42 
23680 40 
