clientJon
160 19 
320 19 
480 4 
640 4 
800 4 
960 5 
1120 5 
1280 6 
1440 3 
1600 5 
1760 5 
1920 5 
2080 5 
2240 7 
2400 6 
2560 7 
2720 8 
2880 8 
3040 6 
3200 6 
3360 6 
3520 8 
3680 7 
3840 8 
4000 8 
4160 9 
4320 12 
4480 11 
4640 12 
4800 11 
4960 11 
5120 9 
5280 9 
5440 8 
5600 9 
5760 8 
5920 10 
6080 12 
6240 12 
6400 12 
6560 15 
6720 15 
6880 15 
7040 16 
7200 11 
7360 11 
7520 11 
7680 12 
7840 14 
8000 13 
8160 14 
8320 14 
8480 18 
8640 19 
8800 21 
8960 16 
9120 13 
9280 14 
9440 15 
9600 13 
9760 18 
9920 17 
10080 20 
10240 21 
10400 22 
10560 22 
10720 16 
10880 15 
11040 16 
11200 17 
11360 19 
11520 19 
11680 22 
11840 27 
12000 26 
12160 23 
12320 18 
12480 18 
12640 19 
12800 19 
12960 18 
13120 23 
13280 26 
13440 27 
13600 30 
13760 30 
13920 21 
14080 21 
14240 21 
14400 21 
14560 22 
14720 25 
14880 28 
15040 26 
15200 32 
15360 32 
15520 23 
15680 23 
15840 24 
16000 24 
16160 25 
16320 28 
16480 27 
16640 34 
16800 37 
16960 25 
17120 27 
17280 25 
17440 26 
17600 26 
17760 27 
17920 28 
18080 32 
18240 34 
18400 40 
18560 29 
18720 27 
18880 27 
19040 25 
19200 27 
19360 28 
19520 31 
19680 33 
19840 40 
20000 45 
20160 36 
20320 35 
20480 34 
20640 34 
20800 36 
20960 42 
21120 46 
21280 60 
21440 36 
21600 36 
21760 37 
21920 34 
22080 37 
22240 41 
22400 44 
22560 57 
22720 36 
22880 36 
23040 37 
23200 37 
23360 43 
23520 45 
23680 44 
