clientJon
160 38 
320 18 
480 5 
640 4 
800 5 
960 5 
1120 8 
1280 6 
1440 6 
1600 5 
1760 7 
1920 7 
2080 7 
2240 8 
2400 10 
2560 10 
2720 6 
2880 7 
3040 8 
3200 8 
3360 8 
3520 6 
3680 8 
3840 9 
4000 8 
4160 10 
4320 9 
4480 13 
4640 14 
4800 14 
4960 15 
5120 11 
5280 10 
5440 10 
5600 10 
5760 11 
5920 11 
6080 12 
6240 13 
6400 15 
6560 16 
6720 16 
6880 17 
7040 16 
7200 13 
7360 12 
7520 13 
7680 12 
7840 13 
8000 14 
8160 17 
8320 20 
8480 21 
8640 24 
8800 17 
8960 17 
9120 14 
9280 17 
9440 17 
9600 18 
9760 20 
9920 23 
10080 23 
10240 24 
10400 19 
10560 17 
10720 17 
10880 17 
11040 17 
11200 19 
11360 21 
11520 21 
11680 25 
11840 28 
12000 31 
12160 20 
12320 21 
12480 19 
12640 20 
12800 21 
12960 25 
13120 26 
13280 28 
13440 30 
13600 32 
13760 25 
13920 22 
14080 22 
14240 22 
14400 26 
14560 26 
14720 28 
14880 35 
15040 34 
15200 25 
15360 25 
15520 24 
15680 25 
15840 27 
16000 29 
16160 30 
16320 33 
16480 43 
16640 35 
16800 31 
16960 29 
17120 28 
17280 29 
17440 34 
17600 35 
17760 37 
17920 46 
18080 30 
18240 31 
18400 31 
18560 29 
18720 31 
18880 37 
19040 36 
19200 45 
19360 44 
19520 32 
19680 31 
19840 30 
20000 30 
20160 35 
20320 38 
20480 42 
20640 54 
20800 37 
20960 38 
21120 32 
21280 34 
21440 36 
21600 35 
21760 38 
21920 48 
22080 52 
22240 36 
22400 36 
22560 32 
22720 35 
22880 34 
23040 38 
23200 43 
23360 42 
23520 48 
23680 38 
23840 35 
