clientJon
160 25 
320 19 
480 4 
640 4 
800 5 
960 4 
1120 6 
1280 6 
1440 7 
1600 5 
1760 7 
1920 11 
2080 13 
2240 16 
2400 17 
2560 14 
2720 11 
2880 12 
3040 12 
3200 11 
3360 13 
3520 13 
3680 15 
3840 16 
4000 17 
4160 18 
4320 12 
4480 14 
4640 13 
4800 13 
4960 14 
5120 17 
5280 19 
5440 20 
5600 18 
5760 16 
5920 14 
6080 16 
6240 15 
6400 18 
6560 18 
6720 21 
6880 22 
7040 20 
7200 16 
7360 17 
7520 17 
7680 18 
7840 20 
8000 22 
8160 23 
8320 27 
8480 18 
8640 19 
8800 18 
8960 19 
9120 19 
9280 20 
9440 22 
9600 27 
9760 26 
9920 28 
10080 20 
10240 20 
10400 21 
10560 21 
10720 23 
10880 24 
11040 26 
11200 30 
11360 33 
11520 22 
11680 22 
11840 23 
12000 24 
12160 28 
12320 31 
12480 40 
12640 38 
12800 29 
12960 29 
13120 33 
13280 39 
13440 45 
13600 53 
13760 42 
13920 39 
14080 38 
14240 37 
14400 44 
14560 51 
14720 53 
14880 42 
15040 41 
15200 40 
15360 47 
15520 60 
15680 47 
15840 41 
16000 42 
16160 43 
16320 53 
16480 75 
16640 46 
16800 47 
16960 49 
17120 53 
17280 59 
17440 73 
17600 53 
17760 50 
17920 50 
18080 52 
18240 57 
18400 69 
18560 53 
18720 52 
18880 55 
19040 55 
19200 61 
19360 65 
19520 50 
19680 67 
19840 56 
20000 63 
20160 70 
20320 54 
20480 51 
20640 51 
20800 69 
20960 71 
21120 62 
21280 62 
21440 69 
21600 59 
21760 66 
21920 70 
22080 76 
22240 57 
22400 58 
22560 56 
22720 58 
22880 86 
23040 80 
23200 75 
23360 68 
23520 57 
23680 70 
