clientJon
160 31 
320 18 
480 6 
640 5 
800 5 
960 6 
1120 9 
1280 6 
1440 7 
1600 6 
1760 6 
1920 9 
2080 9 
2240 18 
2400 21 
2560 17 
2720 15 
2880 17 
3040 7 
3200 15 
3360 17 
3520 21 
3680 24 
3840 22 
4000 17 
4160 16 
4320 16 
4480 20 
4640 25 
4800 24 
4960 25 
5120 19 
5280 17 
5440 18 
5600 18 
5760 21 
5920 29 
6080 26 
6240 21 
6400 19 
6560 20 
6720 20 
6880 24 
7040 28 
7200 29 
7360 23 
7520 21 
7680 19 
7840 20 
8000 19 
8160 25 
8320 27 
8480 29 
8640 30 
8800 24 
8960 22 
9120 21 
9280 23 
9440 22 
9600 26 
9760 29 
9920 34 
10080 31 
10240 24 
10400 26 
10560 23 
10720 22 
10880 28 
11040 30 
11200 33 
11360 35 
11520 27 
11680 26 
11840 29 
12000 30 
12160 31 
12320 37 
12480 43 
12640 43 
12800 32 
12960 32 
13120 30 
13280 32 
13440 39 
13600 42 
13760 46 
13920 39 
14080 32 
14240 33 
14400 32 
14560 38 
14720 42 
14880 48 
15040 43 
15200 33 
15360 35 
15520 32 
15680 36 
15840 42 
16000 47 
16160 46 
16320 38 
16480 36 
16640 36 
16800 36 
16960 38 
17120 44 
17280 53 
17440 48 
17600 38 
17760 40 
17920 38 
18080 36 
18240 40 
18400 47 
18560 56 
18720 47 
18880 38 
19040 39 
19200 39 
19360 39 
19520 45 
19680 52 
19840 53 
20000 40 
20160 37 
20320 42 
20480 39 
20640 44 
20800 50 
20960 67 
21120 63 
21280 43 
21440 41 
21600 40 
21760 41 
21920 45 
22080 47 
22240 55 
22400 57 
22560 46 
22720 46 
22880 42 
23040 42 
23200 43 
23360 49 
23520 52 
23680 47 
23840 43 
