clientJon
160 31 
320 19 
480 6 
640 4 
800 5 
960 5 
1120 5 
1280 6 
1440 5 
1600 5 
1760 4 
1920 7 
2080 10 
2240 8 
2400 8 
2560 9 
2720 6 
2880 7 
3040 6 
3200 6 
3360 7 
3520 7 
3680 7 
3840 8 
4000 12 
4160 14 
4320 13 
4480 9 
4640 11 
4800 10 
4960 11 
5120 10 
5280 11 
5440 12 
5600 13 
5760 16 
5920 17 
6080 17 
6240 14 
6400 12 
6560 13 
6720 13 
6880 12 
7040 14 
7200 15 
7360 16 
7520 20 
7680 18 
7840 14 
8000 14 
8160 15 
8320 13 
8480 16 
8640 18 
8800 20 
8960 22 
9120 22 
9280 21 
9440 17 
9600 16 
9760 15 
9920 15 
10080 19 
10240 20 
10400 22 
10560 23 
10720 25 
10880 21 
11040 17 
11200 18 
11360 17 
11520 18 
11680 18 
11840 22 
12000 25 
12160 26 
12320 31 
12480 30 
12640 22 
12800 23 
12960 22 
13120 21 
13280 23 
13440 27 
13600 30 
13760 33 
13920 34 
14080 23 
14240 23 
14400 24 
14560 23 
14720 26 
14880 30 
15040 29 
15200 37 
15360 34 
15520 26 
15680 26 
15840 25 
16000 26 
16160 25 
16320 30 
16480 31 
16640 35 
16800 38 
16960 32 
17120 28 
17280 29 
17440 29 
17600 28 
17760 30 
17920 35 
18080 36 
18240 41 
18400 34 
18560 28 
18720 31 
18880 31 
19040 31 
19200 35 
19360 36 
19520 43 
19680 37 
19840 35 
20000 34 
20160 33 
20320 34 
20480 39 
20640 41 
20800 49 
20960 44 
21120 36 
21280 34 
21440 34 
21600 34 
21760 34 
21920 43 
22080 44 
22240 52 
22400 44 
22560 37 
22720 35 
22880 39 
23040 36 
23200 42 
23360 46 
23520 48 
23680 43 
23840 37 
