clientJon
160 31 
320 17 
480 5 
640 4 
800 5 
960 4 
1120 5 
1280 6 
1440 5 
1600 5 
1760 5 
1920 6 
2080 7 
2240 7 
2400 8 
2560 9 
2720 10 
2880 6 
3040 5 
3200 7 
3360 6 
3520 8 
3680 8 
3840 9 
4000 8 
4160 13 
4320 11 
4480 11 
4640 14 
4800 10 
4960 8 
5120 9 
5280 9 
5440 10 
5600 8 
5760 11 
5920 12 
6080 12 
6240 12 
6400 16 
6560 15 
6720 16 
6880 13 
7040 11 
7200 12 
7360 12 
7520 12 
7680 11 
7840 14 
8000 14 
8160 17 
8320 18 
8480 20 
8640 20 
8800 14 
8960 15 
9120 16 
9280 14 
9440 15 
9600 18 
9760 16 
9920 21 
10080 23 
10240 25 
10400 17 
10560 15 
10720 17 
10880 16 
11040 19 
11200 20 
11360 21 
11520 26 
11680 28 
11840 25 
12000 18 
12160 20 
12320 19 
12480 19 
12640 21 
12800 23 
12960 28 
13120 31 
13280 33 
13440 29 
13600 25 
13760 23 
13920 23 
14080 26 
14240 27 
14400 30 
14560 35 
14720 26 
14880 27 
15040 26 
15200 26 
15360 30 
15520 30 
15680 38 
15840 38 
16000 28 
16160 27 
16320 27 
16480 27 
16640 27 
16800 33 
16960 33 
17120 41 
17280 48 
17440 40 
17600 38 
17760 30 
17920 40 
18080 30 
18240 31 
18400 29 
18560 31 
18720 36 
18880 39 
19040 42 
19200 38 
19360 33 
19520 31 
19680 31 
19840 31 
20000 32 
20160 36 
20320 40 
20480 46 
20640 43 
20800 34 
20960 33 
21120 31 
21280 33 
21440 37 
21600 39 
21760 44 
21920 47 
22080 37 
22240 35 
22400 32 
22560 35 
22720 36 
22880 38 
23040 39 
23200 59 
23360 46 
23520 33 
23680 37 
23840 36 
24000 41 
24160 46 
