clientJon
160 31 
320 19 
480 14 
640 15 
800 17 
960 11 
1120 14 
1280 13 
1440 16 
1600 15 
1760 15 
1920 14 
2080 15 
2240 16 
2400 19 
2560 18 
2720 14 
2880 13 
3040 14 
3200 15 
3360 18 
3520 18 
3680 21 
3840 20 
4000 16 
4160 14 
4320 16 
4480 17 
4640 19 
4800 24 
4960 23 
5120 23 
5280 16 
5440 17 
5600 15 
5760 20 
5920 21 
6080 27 
6240 26 
6400 19 
6560 18 
6720 20 
6880 22 
7040 24 
7200 29 
7360 25 
7520 20 
7680 20 
7840 19 
8000 19 
8160 21 
8320 25 
8480 29 
8640 31 
8800 24 
8960 21 
9120 22 
9280 21 
9440 23 
9600 26 
9760 29 
9920 31 
10080 29 
10240 23 
10400 24 
10560 23 
10720 23 
10880 28 
11040 31 
11200 34 
11360 31 
11520 25 
11680 26 
11840 25 
12000 29 
12160 27 
12320 34 
12480 35 
12640 32 
12800 26 
12960 27 
13120 26 
13280 26 
13440 30 
13600 31 
13760 36 
13920 39 
14080 28 
14240 28 
14400 27 
14560 29 
14720 34 
14880 36 
15040 43 
15200 36 
15360 29 
15520 27 
15680 28 
15840 28 
16000 32 
16160 38 
16320 36 
16480 31 
16640 32 
16800 30 
16960 29 
17120 39 
17280 38 
17440 45 
17600 46 
17760 32 
17920 30 
18080 32 
18240 32 
18400 36 
18560 38 
18720 46 
18880 47 
19040 34 
19200 34 
19360 32 
19520 33 
19680 32 
19840 38 
20000 40 
20160 46 
20320 62 
20480 45 
20640 49 
20800 43 
20960 50 
21120 55 
21280 81 
21440 45 
21600 48 
21760 47 
21920 45 
22080 58 
22240 75 
22400 60 
22560 44 
22720 45 
22880 47 
23040 54 
23200 57 
23360 64 
23520 51 
23680 48 
