clientJon
160 31 
320 19 
480 5 
640 6 
800 4 
960 6 
1120 7 
1280 5 
1440 5 
1600 5 
1760 6 
1920 6 
2080 7 
2240 8 
2400 9 
2560 9 
2720 10 
2880 6 
3040 6 
3200 7 
3360 6 
3520 7 
3680 8 
3840 7 
4000 7 
4160 8 
4320 9 
4480 10 
4640 14 
4800 12 
4960 13 
5120 13 
5280 8 
5440 10 
5600 12 
5760 8 
5920 10 
6080 9 
6240 11 
6400 12 
6560 13 
6720 16 
6880 18 
7040 17 
7200 19 
7360 13 
7520 11 
7680 13 
7840 12 
8000 15 
8160 16 
8320 17 
8480 18 
8640 22 
8800 23 
8960 19 
9120 14 
9280 17 
9440 15 
9600 19 
9760 20 
9920 20 
10080 26 
10240 27 
10400 23 
10560 19 
10720 19 
10880 18 
11040 20 
11200 19 
11360 22 
11520 24 
11680 29 
11840 30 
12000 29 
12160 21 
12320 22 
12480 20 
12640 21 
12800 22 
12960 24 
13120 25 
13280 32 
13440 31 
13600 29 
13760 23 
13920 23 
14080 22 
14240 22 
14400 26 
14560 31 
14720 28 
14880 29 
15040 34 
15200 43 
15360 32 
15520 25 
15680 25 
15840 25 
16000 25 
16160 29 
16320 32 
16480 36 
16640 39 
16800 30 
16960 29 
17120 27 
17280 26 
17440 28 
17600 30 
17760 32 
17920 34 
18080 40 
18240 33 
18400 30 
18560 29 
18720 29 
18880 28 
19040 34 
19200 35 
19360 38 
19520 41 
19680 31 
19840 30 
20000 31 
20160 31 
20320 32 
20480 37 
20640 39 
20800 46 
20960 44 
21120 33 
21280 32 
21440 32 
21600 31 
21760 37 
21920 37 
22080 43 
22240 45 
22400 52 
22560 34 
22720 32 
22880 34 
23040 36 
23200 42 
23360 43 
23520 49 
23680 53 
23840 37 
24000 35 
