clientJon
15 26 
30 15 
45 8 
60 10 
75 11 
90 10 
105 10 
120 11 
135 12 
150 15 
165 16 
180 12 
195 12 
210 11 
225 12 
240 15 
255 18 
270 16 
285 15 
300 15 
315 16 
330 17 
345 24 
360 22 
375 21 
390 19 
405 17 
420 21 
435 25 
450 27 
465 23 
480 21 
495 20 
510 23 
525 28 
540 24 
555 22 
570 23 
585 26 
600 34 
615 30 
630 25 
645 25 
660 30 
675 36 
690 26 
705 26 
720 26 
735 29 
750 33 
765 39 
780 28 
795 27 
810 29 
825 33 
840 38 
855 38 
870 29 
885 31 
900 32 
915 39 
930 44 
945 32 
960 31 
975 32 
990 38 
1005 46 
1020 34 
1035 34 
1050 34 
1065 41 
1080 47 
1095 44 
1110 37 
1125 35 
1140 39 
1155 44 
1170 45 
1185 40 
1200 37 
1215 49 
1230 56 
1245 49 
1260 53 
1275 54 
1290 63 
1305 55 
1320 52 
1335 61 
1350 68 
1365 58 
1380 55 
1395 66 
1410 63 
1425 56 
1440 61 
1455 71 
1470 61 
1485 58 
1500 60 
1515 77 
1530 64 
1545 61 
1560 62 
1575 75 
1590 72 
1605 63 
1620 69 
1635 83 
1650 65 
1665 62 
1680 69 
1695 82 
1710 65 
1725 67 
1740 75 
1755 81 
1770 73 
1785 76 
1800 89 
