worker
40 13 
80 25 
120 20 
160 28 
200 34 
240 29 
280 28 
320 32 
360 26 
400 29 
440 33 
480 38 
520 41 
560 34 
600 35 
640 37 
680 41 
720 49 
760 45 
800 40 
840 40 
880 45 
920 56 
960 51 
1000 45 
1040 51 
1080 69 
1120 74 
1160 59 
1200 60 
1240 62 
1280 73 
1320 67 
1360 64 
1400 62 
1440 68 
1480 82 
1520 75 
1560 69 
1600 66 
1640 75 
1680 82 
1720 73 
1760 75 
1800 81 
1840 84 
1880 76 
1920 76 
1960 82 
2000 95 
2040 82 
2080 78 
2120 83 
2160 93 
2200 98 
2240 91 
2280 88 
2320 91 
2360 90 
2400 95 
