clientJon
60 19 
120 20 
180 12 
240 12 
300 17 
360 13 
420 13 
480 13 
540 16 
600 14 
660 13 
720 12 
780 17 
840 18 
900 21 
960 21 
1020 19 
1080 17 
1140 17 
1200 18 
1260 20 
1320 25 
1380 28 
1440 24 
1500 20 
1560 20 
1620 23 
1680 25 
1740 29 
1800 31 
1860 27 
1920 23 
1980 27 
2040 31 
2100 36 
2160 42 
2220 34 
2280 31 
2340 30 
2400 33 
2460 34 
2520 41 
2580 41 
2640 33 
2700 33 
2760 34 
2820 37 
2880 44 
2940 46 
3000 33 
3060 34 
3120 34 
3180 39 
3240 50 
3300 45 
3360 34 
3420 34 
3480 45 
3540 45 
3600 49 
