clientJon
60 19 
120 22 
180 13 
240 15 
300 12 
360 11 
420 10 
480 16 
540 18 
600 14 
660 14 
720 18 
780 21 
840 26 
900 25 
960 19 
1020 18 
1080 18 
1140 22 
1200 24 
1260 30 
1320 28 
1380 22 
1440 22 
1500 24 
1560 26 
1620 32 
1680 36 
1740 24 
1800 25 
1860 27 
1920 30 
1980 36 
2040 37 
2100 28 
2160 29 
2220 30 
2280 34 
2340 38 
2400 42 
2460 36 
2520 30 
2580 30 
2640 32 
2700 36 
2760 44 
2820 47 
2880 35 
2940 35 
3000 40 
3060 42 
3120 50 
3180 38 
3240 37 
3300 40 
3360 46 
3420 53 
3480 40 
3540 39 
3600 41 
