clientJon
60 26 
120 22 
180 14 
240 17 
300 17 
360 23 
420 25 
480 27 
540 22 
600 21 
660 23 
720 26 
780 31 
840 26 
900 22 
960 21 
1020 27 
1080 32 
1140 34 
1200 25 
1260 24 
1320 27 
1380 32 
1440 37 
1500 26 
1560 25 
1620 27 
1680 31 
1740 37 
1800 33 
1860 28 
1920 29 
1980 30 
2040 36 
2100 44 
2160 39 
2220 33 
2280 33 
2340 38 
2400 42 
2460 48 
2520 34 
2580 39 
2640 42 
2700 51 
2760 60 
2820 45 
2880 45 
2940 53 
3000 66 
3060 50 
3120 50 
3180 48 
3240 64 
3300 68 
3360 51 
3420 51 
3480 58 
3540 71 
3600 53 
