clientJon
40 26 
80 13 
120 22 
160 24 
200 26 
240 27 
280 29 
320 24 
360 27 
400 29 
440 25 
480 31 
520 38 
560 23 
600 28 
640 27 
680 33 
720 33 
760 34 
800 31 
840 35 
880 41 
920 30 
960 30 
1000 31 
1040 42 
1080 31 
1120 33 
1160 33 
1200 34 
1240 38 
1280 33 
1320 32 
1360 26 
1400 45 
1440 31 
1480 37 
1520 44 
1560 29 
1600 29 
1640 39 
1680 34 
1720 33 
1760 43 
1800 31 
1840 25 
1880 40 
1920 34 
1960 41 
2000 43 
2040 25 
2080 41 
2120 37 
2160 29 
2200 40 
2240 34 
2280 34 
2320 42 
2360 28 
2400 37 
2440 43 
2480 39 
2520 37 
2560 46 
2600 34 
2640 29 
2680 38 
2720 31 
2760 34 
2800 36 
2840 41 
2880 47 
2920 44 
2960 39 
3000 30 
3040 37 
3080 35 
3120 32 
3160 44 
3200 50 
