clientSocket
40 71 
80 2 
120 4 
160 3 
200 4 
240 6 
280 7 
320 9 
360 8 
400 9 
440 9 
480 9 
520 9 
560 11 
600 11 
640 11 
680 12 
720 13 
760 10 
800 16 
840 15 
880 15 
920 15 
960 19 
1000 20 
1040 21 
1080 23 
1120 22 
1160 23 
1200 23 
1240 23 
1280 24 
1320 28 
1360 29 
1400 31 
1440 32 
1480 27 
1520 30 
1560 29 
1600 30 
1640 30 
1680 34 
1720 30 
1760 32 
1800 31 
1840 30 
1880 35 
1920 33 
1960 35 
2000 40 
2040 40 
2080 43 
2120 41 
2160 45 
2200 43 
2240 42 
2280 45 
2320 43 
2360 45 
2400 49 
