clientSocket
40 71 
80 3 
120 21 
160 14 
200 13 
240 15 
280 13 
320 14 
360 16 
400 14 
440 15 
480 15 
520 16 
560 17 
600 18 
640 17 
680 20 
720 21 
760 22 
800 21 
840 22 
880 23 
920 22 
960 23 
1000 21 
1040 23 
1080 23 
1120 23 
1160 24 
1200 26 
1240 23 
1280 25 
1320 27 
1360 29 
1400 28 
1440 29 
1480 29 
1520 27 
1560 29 
1600 30 
1640 28 
1680 29 
1720 29 
1760 30 
1800 29 
1840 32 
1880 29 
1920 31 
1960 31 
2000 32 
2040 33 
2080 31 
2120 31 
2160 31 
2200 34 
2240 35 
2280 34 
2320 35 
2360 40 
2400 37 
