nodeserverSocket
40 97 
80 1 
120 19 
160 10 
200 12 
240 12 
280 14 
320 16 
360 15 
400 16 
440 17 
480 17 
520 18 
560 21 
600 22 
640 21 
680 26 
720 25 
760 28 
800 28 
840 28 
880 30 
920 30 
960 31 
1000 35 
1040 36 
1080 38 
1120 37 
1160 38 
1200 39 
1240 39 
1280 39 
1320 45 
1360 47 
1400 48 
1440 49 
1480 50 
1520 52 
1560 49 
1600 51 
1640 52 
1680 51 
1720 53 
1760 52 
1800 57 
1840 52 
1880 53 
1920 55 
1960 55 
2000 61 
2040 62 
2080 62 
2120 65 
2160 67 
2200 66 
2240 67 
2280 67 
2320 69 
2360 67 
2400 74 
