balancer
40 17 
80 10 
120 10 
160 9 
200 9 
240 9 
280 11 
320 11 
360 11 
400 9 
440 10 
480 10 
520 9 
560 11 
600 10 
640 14 
680 12 
720 10 
760 10 
800 9 
840 11 
880 11 
920 16 
960 22 
1000 15 
1040 18 
1080 19 
1120 18 
1160 18 
1200 18 
1240 18 
1280 19 
1320 20 
1360 19 
1400 19 
1440 19 
1480 18 
1520 19 
1560 21 
1600 21 
1640 22 
1680 24 
1720 22 
1760 23 
1800 21 
1840 22 
1880 22 
1920 24 
1960 23 
2000 26 
2040 21 
2080 22 
2120 22 
2160 23 
2200 24 
2240 24 
2280 25 
2320 29 
2360 28 
