balancer
40 17 
80 12 
120 12 
160 12 
200 13 
240 12 
280 14 
320 12 
360 13 
400 16 
440 17 
480 16 
520 15 
560 16 
600 16 
640 19 
680 17 
720 16 
760 16 
800 19 
840 20 
880 17 
920 17 
960 20 
1000 19 
1040 21 
1080 22 
1120 23 
1160 20 
1200 20 
1240 21 
1280 20 
1320 23 
1360 23 
1400 26 
1440 22 
1480 23 
1520 25 
1560 23 
1600 26 
1640 30 
1680 30 
1720 26 
1760 29 
1800 27 
1840 31 
1880 28 
1920 30 
1960 33 
2000 30 
2040 30 
2080 30 
2120 34 
2160 33 
2200 35 
2240 31 
2280 33 
2320 32 
2360 34 
