worker
40 13 
80 20 
120 9 
160 9 
200 8 
240 9 
280 10 
320 14 
360 11 
400 12 
440 11 
480 11 
520 14 
560 14 
600 18 
640 13 
680 11 
720 13 
760 15 
800 13 
840 14 
880 20 
920 15 
960 18 
1000 20 
1040 23 
1080 16 
1120 16 
1160 18 
1200 16 
1240 18 
1280 17 
1320 18 
1360 19 
1400 23 
1440 24 
1480 18 
1520 25 
1560 24 
1600 22 
1640 18 
1680 25 
1720 21 
1760 22 
1800 24 
1840 26 
1880 27 
1920 28 
1960 26 
2000 25 
2040 29 
2080 32 
2120 28 
2160 26 
2200 25 
2240 27 
2280 25 
2320 26 
2360 25 
2400 25 
