worker
40 13 
80 20 
120 8 
160 10 
200 7 
240 9 
280 9 
320 10 
360 12 
400 10 
440 12 
480 10 
520 11 
560 12 
600 14 
640 13 
680 12 
720 11 
760 10 
800 11 
840 16 
880 9 
920 17 
960 18 
1000 26 
1040 21 
1080 26 
1120 19 
1160 19 
1200 21 
1240 17 
1280 20 
1320 23 
1360 26 
1400 24 
1440 23 
1480 31 
1520 26 
1560 32 
1600 22 
1640 24 
1680 23 
1720 25 
1760 26 
1800 31 
1840 35 
1880 33 
1920 30 
1960 34 
2000 35 
2040 35 
2080 27 
2120 31 
2160 29 
2200 32 
2240 31 
2280 30 
2320 35 
2360 39 
2400 40 
