clientJon
40 25 
80 19 
120 17 
160 19 
200 18 
240 18 
280 24 
320 23 
360 18 
400 18 
440 19 
480 20 
520 27 
560 27 
600 22 
640 23 
680 26 
720 36 
760 31 
800 26 
840 29 
880 36 
920 28 
960 32 
1000 38 
1040 49 
1080 47 
1120 56 
1160 52 
1200 47 
1240 56 
1280 52 
1320 51 
1360 62 
1400 54 
1440 51 
1480 62 
1520 58 
1560 60 
1600 64 
1640 57 
1680 72 
1720 64 
1760 60 
1800 73 
1840 62 
1880 61 
1920 78 
1960 71 
2000 62 
2040 80 
2080 76 
2120 66 
2160 86 
2200 77 
2240 80 
2280 88 
2320 86 
2360 97 
2400 96 
