balancer
40 23 
80 33 
120 33 
160 32 
200 38 
240 37 
280 39 
320 36 
360 39 
400 43 
440 36 
480 38 
520 36 
560 39 
600 43 
640 39 
680 34 
720 36 
760 35 
800 39 
840 42 
880 39 
920 39 
960 40 
1000 39 
1040 35 
1080 34 
1120 39 
1160 38 
1200 41 
1240 30 
1280 32 
1320 40 
1360 41 
1400 32 
1440 42 
1480 40 
1520 34 
1560 38 
1600 32 
1640 32 
1680 41 
1720 43 
1760 30 
1800 32 
1840 40 
1880 34 
1920 46 
1960 39 
2000 31 
2040 43 
2080 34 
2120 37 
2160 38 
2200 35 
2240 33 
2280 34 
2320 29 
2360 35 
2400 44 
2440 36 
2480 33 
2520 35 
2560 30 
2600 43 
2640 37 
2680 32 
2720 35 
2760 30 
2800 38 
2840 37 
2880 38 
2920 33 
2960 29 
3000 39 
3040 39 
3080 35 
3120 35 
3160 45 
