store
40 0 
80 13 
120 7 
160 7 
200 5 
240 5 
280 5 
320 4 
360 7 
400 4 
440 3 
480 5 
520 5 
560 4 
600 6 
640 4 
680 4 
720 4 
760 5 
800 5 
840 4 
880 6 
920 3 
960 5 
1000 3 
1040 3 
1080 6 
1120 3 
1160 6 
1200 5 
1240 4 
1280 4 
1320 6 
1360 5 
1400 4 
1440 5 
1480 4 
1520 4 
1560 6 
1600 4 
1640 2 
1680 6 
1720 5 
1760 4 
1800 3 
1840 6 
1880 3 
1920 7 
1960 4 
2000 6 
2040 6 
2080 6 
2120 4 
2160 6 
2200 2 
2240 4 
2280 4 
2320 4 
2360 4 
2400 4 
2440 6 
2480 2 
2520 5 
2560 1 
2600 4 
2640 3 
2680 4 
2720 3 
2760 3 
2800 4 
2840 3 
2880 5 
2920 4 
2960 3 
3000 5 
3040 6 
3080 5 
3120 4 
3160 4 
3200 2 
