worker
40 31 
80 28 
120 27 
160 26 
200 24 
240 23 
280 25 
320 23 
360 21 
400 19 
440 21 
480 23 
520 27 
560 18 
600 17 
640 20 
680 28 
720 22 
760 25 
800 24 
840 15 
880 21 
920 25 
960 25 
1000 27 
1040 25 
1080 26 
1120 23 
1160 26 
1200 22 
1240 31 
1280 27 
1320 20 
1360 22 
1400 27 
1440 20 
1480 23 
1520 27 
1560 26 
1600 34 
1640 27 
1680 22 
1720 20 
1760 29 
1800 30 
1840 23 
1880 25 
1920 17 
1960 23 
2000 29 
2040 20 
2080 25 
2120 21 
2160 24 
2200 26 
2240 26 
2280 27 
2320 30 
2360 26 
2400 18 
2440 24 
2480 29 
2520 28 
2560 29 
2600 21 
2640 23 
2680 30 
2720 27 
2760 30 
2800 25 
2840 23 
2880 25 
2920 30 
2960 29 
3000 19 
3040 21 
3080 24 
3120 28 
3160 16 
